196
1 60
3 5 2 4 1
01 08 14 50 59
0.2 0.25 0.22 0.27 0.22
2 60
1 2 3 4 5 4
00 04 07 09 13 52
0.2 0.27 0.22 0.22 0.22 0.27
3 60
4 1 5 5 2 3
00 02 14 26 46 58
0.27 0.22 0.27 0.32 0.27 0.22
4 60
3 1 5 2 4 3
18 30 37 38 48 59
0.22 0.27 0.22 0.22 0.27 0.32
5 60
4 3 2 5 1
04 14 17 32 56
0.2 0.22 0.22 0.27 0.22
6 60
5 3 3 3 3 5 2 4 1 1
11 17 18 19 20 32 53 54 54 59
0.22 0.32 0.27 0.27 0.22 0.27 0.32 0.22 0.2 0.25
7 60
3 5 1 4 5 5 3 3 3 3 3 3 2 3 3 3 3 3 3 3 3 3 3 3 3 3 3 3
02 09 11 12 12 13 19 22 23 28 29 30 32 32 33 34 35 41 42 43 44 45 47 48 50 52 54 56
0.27 0.27 0.2 0.2 0.22 0.22 0.22 0.27 0.27 0.22 0.27 0.22 0.22 0.27 0.22 0.27 0.27 0.27 0.27 0.27 0.22 0.22 0.27 0.22 0.22 0.27 0.27 0.27
8 60
3 3 3 3 3 5 3 5 3 3 3 3 3 3 3 3 3 3 3 2 3 3 1 3 3
01 04 06 07 09 12 14 17 17 18 21 22 24 25 27 31 37 44 47 48 50 51 53 54 59
0.27 0.27 0.22 0.27 0.27 0.22 0.22 0.27 0.27 0.22 0.27 0.27 0.22 0.27 0.22 0.22 0.22 0.22 0.27 0.22 0.22 0.27 0.27 0.27 0.27
9 60
1 3 3 3 2 3 3 3 3 3 3 3 3 3 5 3 3 3 1 3 3
00 03 04 04 05 06 07 09 11 12 14 20 28 33 39 40 42 51 54 57 59
0.27 0.22 0.22 0.22 0.27 0.27 0.27 0.22 0.27 0.32 0.22 0.22 0.22 0.22 0.27 0.27 0.32 0.22 0.22 0.27 0.22
10 60
3 2 3 3 3 3 3 3 3 3 3 3 3 3 3 3 1 3 3 5 3 3 3 3
02 07 09 10 11 15 16 21 22 24 25 26 32 33 34 38 39 44 45 49 50 52 54 56
0.32 0.27 0.27 0.27 0.22 0.27 0.22 0.27 0.27 0.27 0.32 0.22 0.27 0.27 0.22 0.32 0.2 0.27 0.22 0.27 0.27 0.27 0.22 0.22
11 60
3 3 3 3 3 3 3 5 3 1 2 3 3 3 3 5 3
03 12 13 14 15 18 19 26 26 30 36 43 45 49 50 53 55
0.22 0.27 0.27 0.27 0.32 0.27 0.22 0.22 0.22 0.2 0.27 0.27 0.22 0.27 0.22 0.27 0.22
12 60
3 1 5 3 3 3 3 3 3 3 3 3 3 1 3 2 3 3 3 3 3 3
01 04 05 08 09 15 21 27 33 35 36 37 38 39 40 41 43 44 45 49 50 58
0.27 0.2 0.22 0.27 0.32 0.32 0.22 0.22 0.27 0.27 0.27 0.32 0.27 0.27 0.22 0.27 0.27 0.27 0.22 0.27 0.32 0.22
13 60
3 3 5 3 3 3 3 2 3 3 3 3 3 3 3 5 3 3 3 3 3 3 3 3
00 02 08 08 10 14 16 18 19 20 25 26 28 30 31 33 36 37 41 42 43 48 54 58
0.27 0.22 0.22 0.27 0.22 0.27 0.22 0.2 0.27 0.32 0.27 0.27 0.22 0.27 0.32 0.22 0.27 0.22 0.27 0.27 0.22 0.22 0.22 0.27
14 60
3 3 3 3 2 3 3 3 3 3 3 3 3 3 3 5 3 3 3
01 04 05 06 07 09 17 21 22 27 28 29 30 34 42 43 44 54 59
0.32 0.27 0.27 0.27 0.27 0.27 0.22 0.27 0.22 0.27 0.27 0.27 0.22 0.22 0.27 0.22 0.27 0.22 0.22
15 60
3 3 2 3 3 3 3 3 3 3 3 3 3 3 3 3 3 3 5 3 3 3 5 3 3 3
05 07 09 11 12 13 14 15 16 17 19 26 27 31 37 39 43 44 45 45 48 49 52 54 55 59
0.27 0.22 0.2 0.27 0.27 0.27 0.27 0.27 0.32 0.27 0.22 0.27 0.22 0.22 0.27 0.22 0.27 0.27 0.27 0.22 0.27 0.32 0.22 0.27 0.22 0.22
16 60
3 2 3 3 3 3 3 3 3 3 3 3 3 3 3 3 3 3 5 3 3 3 3
02 03 07 09 11 17 18 20 22 23 28 29 34 35 36 40 45 46 48 49 50 52 58
0.27 0.27 0.27 0.22 0.22 0.27 0.27 0.27 0.22 0.22 0.27 0.22 0.27 0.27 0.22 0.22 0.27 0.22 0.22 0.22 0.27 0.22 0.22
17 60
3 3 3 3 3 3 3 3 3 5 3 3 3 3 3 3 3 3 5 5 3 2
00 03 04 06 12 17 22 23 27 28 33 34 36 42 43 44 45 47 49 50 54 59
0.22 0.27 0.27 0.27 0.22 0.22 0.27 0.22 0.22 0.22 0.27 0.22 0.22 0.27 0.27 0.27 0.22 0.22 0.27 0.22 0.22 0.27
18 60
2 3 3 3 3 3 3 3 3 3 3 3 3 3 5
00 07 11 12 15 18 19 23 25 26 28 33 34 37 48
0.22 0.32 0.27 0.27 0.22 0.27 0.22 0.22 0.22 0.27 0.22 0.27 0.22 0.22 0.27
19 60
2 2 5 2 3 3 3 3 3
04 10 11 11 38 40 41 42 54
0.22 0.27 0.27 0.22 0.27 0.22 0.27 0.27 0.27
20 60
3 5 2 5 5 5 3 2 3
06 08 11 12 15 16 56 58 59
0.22 0.22 0.22 0.22 0.32 0.22 0.22 0.22 0.22
21 60
2 3 3 3 3 3 3 3 3 3 3 3 3 3 3 3
00 02 14 19 23 24 30 31 32 33 37 38 39 44 50 56
0.27 0.22 0.22 0.22 0.27 0.32 0.27 0.27 0.27 0.32 0.27 0.27 0.22 0.32 0.32 0.22
22 60
3 3 3 3 3 3 3 3 3 3 3 3 3 3 3 3 3
04 10 14 20 26 27 30 31 36 43 46 47 49 50 53 54 58
0.27 0.22 0.32 0.22 0.27 0.22 0.27 0.32 0.22 0.22 0.27 0.27 0.27 0.22 0.27 0.22 0.22
23 60
3 3 3 3 3 3 3 3 3 3 3 3 3 3 3 3 3 3
01 05 07 08 10 15 22 23 24 25 30 31 38 44 49 51 52 53
0.22 0.27 0.27 0.32 0.22 0.22 0.27 0.27 0.27 0.32 0.27 0.27 0.22 0.22 0.27 0.27 0.27 0.27
24 60
3 3 3 3 3 3 3 3 3 3 3 3 3 3 3 3
03 07 08 14 19 26 27 28 32 37 39 43 44 45 51 59
0.27 0.27 0.22 0.22 0.32 0.27 0.27 0.22 0.22 0.27 0.22 0.27 0.27 0.32 0.32 0.22
25 60
3 3 3 3 3 3 3 3 3
04 09 10 15 16 20 30 37 41
0.22 0.27 0.22 0.27 0.22 0.22 0.27 0.22 0.27
26 60
3 3 3 3 3
01 48 54 56 58
0.22 0.22 0.27 0.27 0.22
27 60
3 3 3 3 3 3 3 3 3 3 3 3 3 3 3 3 3 3 3 3 3 3 3
05 07 09 10 15 17 19 20 22 23 24 26 29 30 31 35 36 41 44 45 48 53 59
0.27 0.27 0.27 0.32 0.27 0.22 0.27 0.27 0.27 0.32 0.27 0.22 0.27 0.27 0.22 0.27 0.32 0.27 0.27 0.22 0.22 0.22 0.22
28 60
3 3 3 3 3 3 3 3 3 3 3 3 3 3 3
01 06 12 18 26 29 30 35 37 38 45 49 56 57 58
0.22 0.22 0.22 0.22 0.27 0.27 0.27 0.27 0.27 0.22 0.22 0.22 0.27 0.27 0.22
29 60
3 3 3 3 3 3 3 3 3 3 3 3 3 3 3 3
00 08 15 16 17 19 26 32 33 34 39 45 47 50 51 56
0.27 0.22 0.27 0.27 0.27 0.27 0.22 0.27 0.27 0.32 0.32 0.27 0.27 0.22 0.22 0.22
30 60
3 3 3 3 3 3 3 3 3 3 3 3 3 3 3
01 03 04 06 15 17 18 25 29 34 35 41 48 53 59
0.27 0.27 0.22 0.22 0.27 0.22 0.22 0.22 0.22 0.27 0.32 0.22 0.22 0.22 0.32
31 60
3 3 3 3 3 3 3 3 3 3 3 3 3 3 3 3
03 04 06 14 18 26 27 30 37 39 43 48 53 54 55 59
0.27 0.27 0.27 0.32 0.22 0.27 0.32 0.22 0.27 0.22 0.22 0.22 0.27 0.27 0.32 0.32
32 60
3 3 3 3 3 3 3 3 3 3 3 3 3 3
03 10 14 15 16 23 30 35 41 43 46 53 58 59
0.22 0.22 0.27 0.27 0.22 0.32 0.22 0.22 0.27 0.22 0.22 0.22 0.27 0.27
33 60
3 3 3 3 3 3 3 3 3 3 3 3 3 3 3
00 00 01 06 13 25 31 33 37 42 48 49 50 51 53
0.27 0.27 0.27 0.22 0.22 0.22 0.27 0.22 0.22 0.22 0.27 0.27 0.27 0.22 0.22
34 60
3 3 3 3 3 3 3 3 3 3 3 3 3 3 3 3 3 3 3 3 3 3
01 02 05 06 08 09 11 16 17 23 24 25 26 27 29 35 40 47 52 53 55 56
0.27 0.22 0.22 0.27 0.27 0.32 0.22 0.27 0.32 0.27 0.27 0.27 0.32 0.27 0.22 0.22 0.22 0.22 0.27 0.27 0.27 0.27
35 60
3 3 3 3 3 3 3 3 3 3 3 3 3
00 12 14 18 21 28 35 41 43 46 51 58 59
0.22 0.27 0.22 0.32 0.22 0.22 0.22 0.27 0.22 0.22 0.22 0.27 0.27
36 60
3 3 3 3 3 3 3 3 3 3 3 3 3 3 3 3 3 3 3 3 3 3 3 3
02 05 07 08 09 14 15 17 18 20 21 25 26 30 31 32 34 36 37 39 43 44 49 57
0.27 0.32 0.27 0.27 0.22 0.27 0.27 0.27 0.32 0.27 0.32 0.27 0.22 0.27 0.27 0.27 0.22 0.22 0.32 0.27 0.27 0.22 0.22 0.32
37 60
3 3 3 3 3 3 3 3 3 3 3
01 03 04 05 07 14 21 27 37 40 41
0.22 0.27 0.27 0.32 0.22 0.22 0.32 0.32 0.27 0.22 0.22
38 60
3 3 3 3 3 3 3 3 3 3 3 3 3 3 3
00 03 04 07 08 13 15 16 18 26 27 36 45 50 54
0.22 0.27 0.22 0.27 0.22 0.27 0.27 0.27 0.27 0.27 0.22 0.27 0.32 0.22 0.22
39 60
3 3 3 3 3 3 3 3 3 3 3 3 3 3 3 3
00 07 09 12 19 25 27 30 35 38 39 42 43 47 52 59
0.22 0.27 0.22 0.22 0.22 0.27 0.22 0.22 0.27 0.27 0.22 0.27 0.32 0.22 0.22 0.27
40 60
3 3 3 3 3 3 3 3 3 3 3 3 3 3 3 3 3 3 3
05 07 08 10 12 13 17 18 22 29 30 35 42 44 45 46 47 54 59
0.27 0.22 0.22 0.27 0.27 0.22 0.27 0.32 0.22 0.27 0.22 0.32 0.27 0.27 0.27 0.27 0.27 0.22 0.32
41 60
3 3 3 3 3 3 3 3 3 3 3 3 3 3 3 3
02 11 20 21 22 24 30 32 34 36 37 42 50 52 55 56
0.22 0.22 0.27 0.27 0.27 0.27 0.27 0.27 0.22 0.27 0.32 0.32 0.27 0.22 0.27 0.32
42 60
3 3 3 3 3 3 3 3 3 3 3 3 3 3 3 3 3 3 3 3 3 3 3
04 07 09 13 15 17 26 34 40 41 42 43 44 46 48 49 51 53 54 55 57 58 59
0.32 0.27 0.22 0.27 0.27 0.27 0.22 0.22 0.27 0.27 0.27 0.27 0.22 0.27 0.27 0.22 0.27 0.27 0.27 0.27 0.22 0.27 0.32
43 60
3 3 3 3 3 3 3 3 3 3 3 3 3 3 3 3 3 3
03 09 10 16 17 22 23 29 31 36 41 43 45 46 52 53 54 58
0.27 0.27 0.22 0.27 0.32 0.27 0.22 0.27 0.22 0.32 0.27 0.27 0.27 0.27 0.27 0.27 0.22 0.22
44 60
3 3 3 3 3 3 3 3 3 3 3 3 3 3 3 3 3 3 3 3
03 04 09 10 12 14 15 21 26 27 29 31 32 37 39 44 45 47 48 55
0.22 0.22 0.27 0.27 0.27 0.22 0.22 0.22 0.27 0.27 0.27 0.22 0.22 0.27 0.22 0.27 0.27 0.27 0.27 0.22
45 60
3 3 3 3 3 3 3 3 3 3 3 3 3 3 3
00 08 12 14 15 22 26 27 35 36 41 43 51 53 54
0.22 0.22 0.27 0.27 0.22 0.22 0.27 0.22 0.27 0.22 0.27 0.22 0.27 0.22 0.22
46 60
3 3 3 3 3 3 3 3 3 3 3 3 3 3 3 3
00 07 08 09 11 19 21 25 30 35 41 42 43 47 52 59
0.27 0.27 0.27 0.22 0.22 0.27 0.22 0.22 0.22 0.22 0.27 0.27 0.22 0.22 0.22 0.27
47 60
3 3 3 3 3 3 3 3 3 3 3 3 3 3
01 04 05 10 17 20 27 29 31 40 44 50 51 55
0.32 0.22 0.32 0.22 0.22 0.22 0.27 0.27 0.27 0.22 0.22 0.27 0.32 0.22
48 60
3 3 3 3 3 3 3 3 3
08 14 20 28 32 33 34 36 56
0.32 0.22 0.22 0.22 0.27 0.27 0.27 0.27 0.27
49 60
3 3 3
02 58 59
0.22 0.27 0.32
50 60
3 3 3 3 3 3 3 3 3 3 3 3 3 3 3 3 3 3 3 3
00 08 14 15 20 22 23 25 28 29 31 33 36 37 39 40 41 45 50 55
0.27 0.22 0.27 0.22 0.27 0.27 0.32 0.27 0.27 0.32 0.27 0.22 0.27 0.22 0.22 0.22 0.27 0.22 0.22 0.22
51 60
3 3 3 3 3 3 3 3 3 3 3 3 3 3 3 3 3 3 3
00 02 06 08 13 15 20 22 24 31 33 34 36 37 41 42 43 47 51
0.32 0.22 0.27 0.22 0.27 0.32 0.27 0.27 0.27 0.27 0.27 0.22 0.27 0.22 0.27 0.27 0.22 0.22 0.32
52 60
3 3 3 3 3 3 3 3 3 3 3 3 3 3 3 3 3 3 3 3 3
02 05 11 14 15 17 18 19 20 21 30 31 36 37 43 45 50 51 53 55 56
0.22 0.22 0.27 0.27 0.32 0.27 0.27 0.27 0.27 0.27 0.27 0.22 0.27 0.32 0.27 0.22 0.27 0.27 0.27 0.22 0.22
53 60
3 3 3 3 3 3 3 3 3 3 3 3 3 3 3
00 08 10 12 15 17 21 27 32 33 36 37 45 50 59
0.22 0.27 0.27 0.22 0.27 0.22 0.22 0.22 0.27 0.27 0.27 0.27 0.22 0.22 0.27
54 60
3 3 3 3 3 3 3 3 3 3 3 3 3 3 3 3 3 3
00 05 11 12 13 14 15 18 24 30 31 32 36 37 41 49 55 56
0.22 0.32 0.27 0.27 0.27 0.27 0.22 0.22 0.22 0.27 0.27 0.22 0.27 0.22 0.22 0.22 0.27 0.22
55 60
3 3 3 3 3 3 3 3 3 3 3 3 3 3
02 06 07 11 20 21 22 25 31 36 42 48 56 57
0.22 0.27 0.32 0.22 0.27 0.27 0.22 0.22 0.22 0.22 0.32 0.22 0.27 0.32
56 60
3 3 3 3 3 3 3 3 3 3
05 06 13 21 30 34 41 46 53 59
0.22 0.22 0.22 0.27 0.22 0.22 0.22 0.22 0.22 0.22
57 60
3 3 3 3 3 3 3 3 3 3 3
00 11 14 17 24 31 32 35 40 47 53
0.22 0.27 0.22 0.22 0.22 0.27 0.32 0.22 0.22 0.22 0.22
58 60
3 3 3 3 3 3
06 15 20 21 38 53
0.22 0.22 0.27 0.22 0.22 0.27
59 60
3
00
0.27
60 60
3 3 3 3 3 3 3 3 3 3 3 3 3 3 3 3 3 3 3 3
00 01 03 04 05 07 08 11 14 16 19 27 34 40 41 48 53 57 58 59
0.22 0.22 0.22 0.22 0.27 0.22 0.22 0.27 0.27 0.27 0.27 0.32 0.22 0.22 0.27 0.27 0.27 0.22 0.27 0.27
61 60
3 3 3 3 3 3 3 3 3 3 3 3 3 3 3 3 3 3
00 02 06 09 14 17 21 22 23 24 27 29 34 38 39 47 53 59
0.27 0.22 0.27 0.22 0.22 0.27 0.27 0.32 0.22 0.27 0.27 0.27 0.27 0.27 0.32 0.22 0.22 0.27
62 60
3 3 3 3 3 3 3 3 3 3 3 3 3 3 3 3 3 3 3
01 02 06 07 10 16 17 18 21 22 34 39 45 46 50 52 54 58 59
0.22 0.22 0.27 0.22 0.22 0.27 0.27 0.22 0.27 0.27 0.22 0.22 0.27 0.32 0.27 0.27 0.22 0.27 0.32
63 60
3 3 3 3 3 3 3 3 3 3 3 3 3 3 3 3 3
02 10 12 14 15 21 27 28 29 32 37 38 43 45 46 50 55
0.22 0.27 0.27 0.22 0.22 0.22 0.27 0.27 0.22 0.22 0.27 0.22 0.27 0.27 0.22 0.32 0.22
64 60
3 3 3 3 3 3 3 3 3 3 3 3 3 3 3 3 3 3 3
00 08 12 14 15 16 19 24 30 31 32 33 34 35 40 47 48 49 54
0.22 0.22 0.27 0.27 0.27 0.22 0.22 0.22 0.27 0.27 0.27 0.27 0.22 0.32 0.22 0.27 0.27 0.22 0.22
65 60
3 3 3 3 3 3 3 3 3 3 3 3 3 3 3
05 05 06 12 16 22 29 35 40 42 45 52 54 55 58
0.27 0.22 0.32 0.22 0.22 0.22 0.22 0.22 0.27 0.22 0.32 0.27 0.27 0.22 0.22
66 60
3 3 3 3 3 3 3 3 3 3 3
01 09 18 20 23 31 36 42 43 47 53
0.27 0.22 0.27 0.22 0.22 0.22 0.22 0.27 0.32 0.22 0.22
67 60
3 3 3 3 3 3 3 3 3 3 3 3 3 3 3
02 02 07 14 20 26 32 34 36 44 46 48 49 50 56
0.32 0.27 0.22 0.22 0.32 0.32 0.27 0.22 0.22 0.27 0.27 0.27 0.22 0.22 0.32
68 60
3 3 3 3 3 3 3 3 3 3 3 3 3 3 3 3
03 03 08 09 14 20 26 32 34 38 39 45 46 51 53 58
0.22 0.32 0.27 0.22 0.32 0.22 0.22 0.27 0.22 0.27 0.22 0.27 0.32 0.27 0.22 0.22
69 60
3 3 3
08 12 18
0.32 0.27 0.22
70 60
3
04
0.32
71 60
3
43
0.27
72 60
3 3 3 3 3 3 3 3 3
05 44 46 49 54 55 57 58 59
0.27 0.27 0.32 0.22 0.22 0.27 0.22 0.22 0.27
73 60
3 3 3 3 3 3 3 3 3 3 3 3 3 3 3 3 3 3 3 3
01 07 10 12 13 15 17 19 20 22 24 25 27 28 29 33 37 45 46 49
0.27 0.32 0.27 0.22 0.22 0.27 0.27 0.22 0.27 0.27 0.22 0.27 0.27 0.22 0.22 0.22 0.27 0.32 0.32 0.22
74 60
3 3 3 3 3 3 3 3 3 3 3 3 3 3 3 3 3 3 3 3 3 3 3 3 3
00 02 03 05 10 12 13 14 19 24 26 31 35 36 37 39 40 42 43 45 48 52 53 56 57
0.27 0.27 0.27 0.27 0.27 0.27 0.27 0.27 0.22 0.27 0.22 0.22 0.22 0.27 0.27 0.22 0.22 0.27 0.22 0.22 0.27 0.27 0.27 0.22 0.27
75 60
3 3 3 3 3 3 3 3 3 3 3 3 3 3 3 3 3 3 3 3
02 02 06 11 17 18 19 20 22 29 31 34 35 42 44 45 50 51 52 54
0.27 0.27 0.22 0.22 0.27 0.27 0.27 0.27 0.27 0.27 0.22 0.27 0.22 0.27 0.27 0.22 0.27 0.27 0.27 0.27
76 60
3 3 3 3 3 3 3 3 3 3 3 3 3 3 3 3 3 3 3
02 03 08 13 15 17 19 20 24 25 26 30 31 36 37 41 42 50 56
0.27 0.22 0.22 0.27 0.27 0.22 0.27 0.32 0.27 0.27 0.22 0.27 0.32 0.27 0.22 0.27 0.32 0.22 0.22
77 60
3 3 3 3 3 3 3 3 3 3 3 3 3 3 3 3
01 03 05 08 13 21 22 26 27 35 39 40 44 50 51 55
0.27 0.27 0.22 0.22 0.22 0.27 0.22 0.27 0.32 0.22 0.27 0.32 0.22 0.27 0.22 0.22
78 60
3 3 3 3 3 3 3 3 3 3 3 3
01 02 04 06 15 17 20 27 34 40 50 59
0.27 0.27 0.22 0.22 0.27 0.32 0.22 0.22 0.22 0.22 0.27 0.27
79 60
3 3 3 3 3 3 3 3 3 3 3 3 3
03 03 05 10 16 19 21 28 34 40 45 49 56
0.22 0.22 0.22 0.22 0.22 0.32 0.32 0.32 0.22 0.22 0.32 0.22 0.32
80 60
3 3 3 3 3 3 3 3 3 3 3 3 3
04 08 18 22 23 28 34 36 38 39 46 50 57
0.27 0.22 0.22 0.27 0.22 0.22 0.27 0.27 0.22 0.22 0.22 0.32 0.22
81 60
3 3 3 3 3 3 3 3 3 3 3 3 3 3 3
01 06 14 20 25 27 32 33 36 37 42 43 48 55 57
0.27 0.27 0.22 0.22 0.27 0.32 0.27 0.22 0.27 0.22 0.27 0.22 0.32 0.27 0.22
82 60
3 3 3 3 3 3 3 3 3 3 3 3 3 3 3 3 3 3 3
00 02 06 07 13 14 19 25 31 32 36 38 42 44 45 46 47 53 54
0.27 0.22 0.27 0.22 0.27 0.22 0.22 0.22 0.27 0.22 0.27 0.22 0.27 0.27 0.27 0.27 0.27 0.27 0.22
83 60
3 3 3 3 3 3 3 3 3 3 3 3 3
02 02 04 06 13 15 17 19 25 33 37 38 43
0.27 0.27 0.27 0.27 0.27 0.27 0.22 0.22 0.32 0.22 0.27 0.32 0.27
84 60
3
15
0.27
85 60
3 3 3 3 3 3 3 3 3 3 3 3 3 3 3 3 3 3
06 18 23 25 26 27 28 31 32 35 37 38 40 41 43 44 50 57
0.27 0.27 0.22 0.27 0.27 0.27 0.27 0.22 0.27 0.27 0.32 0.27 0.27 0.22 0.27 0.22 0.22 0.22
86 60
3 3 3 3 3 3 3 3 3 3 3 3 3 3 3 3 3 3
04 07 08 10 11 13 14 15 17 25 31 37 39 48 49 54 55 59
0.32 0.22 0.27 0.22 0.22 0.22 0.22 0.27 0.22 0.22 0.22 0.27 0.27 0.27 0.22 0.27 0.22 0.22
87 60
3 3 3 3 3 3 3 3 3 3 3 3 3 3 3
05 12 17 19 20 21 28 29 30 34 41 45 53 54 58
0.27 0.22 0.27 0.27 0.27 0.27 0.27 0.27 0.22 0.32 0.22 0.32 0.27 0.22 0.32
88 60
3 3 3 3 3 3 3 3 3 3 3 3 3 3 3 3 3
01 06 11 13 17 18 24 27 29 30 36 42 49 55 56 58 59
0.27 0.22 0.27 0.22 0.27 0.22 0.27 0.22 0.27 0.32 0.22 0.22 0.22 0.27 0.27 0.27 0.22
89 60
3 3 3 3 3 3 3 3 3 3 3 3 3 3 3 3
02 03 07 13 18 19 20 24 26 30 32 34 44 50 52 59
0.32 0.32 0.32 0.22 0.27 0.27 0.22 0.27 0.22 0.27 0.27 0.27 0.22 0.27 0.22 0.32
90 60
3 3 3 3 3 3 3 3 3 3 3 3 3 3 3 3 3 3 3 3 3
00 10 11 15 16 23 24 25 27 28 36 37 38 39 40 44 49 51 52 55 56
0.22 0.27 0.22 0.27 0.32 0.27 0.27 0.27 0.27 0.27 0.27 0.27 0.27 0.27 0.22 0.22 0.27 0.27 0.32 0.27 0.22
91 60
3 3 3 3 3 3 3 3 3 3 3 3 3 3 3 3 3 3 3 3
04 07 11 12 17 18 24 25 30 32 33 37 38 43 47 50 51 52 53 59
0.27 0.22 0.27 0.22 0.27 0.22 0.27 0.22 0.27 0.27 0.22 0.27 0.32 0.22 0.27 0.27 0.27 0.22 0.22 0.22
92 60
3 3 3 3 3 3 3 3 3 3 3 3 3 3
05 12 18 22 23 29 30 36 41 42 43 45 52 53
0.22 0.22 0.22 0.27 0.32 0.27 0.32 0.22 0.27 0.27 0.27 0.27 0.22 0.27
93 60
3 3
01 54
0.27 0.27
94 60
3 3 3
02 06 29
0.27 0.22 0.22
95 60
3
20
0.27
96 60
3
29
0.27
97 60
3 3
04 30
0.27 0.27
98 60
3 3 3 3 3 3 3 3 3 3 3 3 3 3 3 3 3 3 3 3
02 06 11 16 22 23 30 32 34 36 37 41 42 46 48 49 50 52 56 57
0.22 0.22 0.22 0.32 0.27 0.22 0.27 0.22 0.27 0.27 0.22 0.27 0.32 0.22 0.22 0.27 0.22 0.22 0.27 0.22
99 60
3 3 3 3 3 3 3 3 3 3 3 3 3 3 3 3 3
01 08 14 20 21 26 28 31 32 37 38 43 45 48 53 56 57
0.27 0.32 0.22 0.27 0.32 0.27 0.22 0.27 0.32 0.27 0.22 0.27 0.32 0.22 0.27 0.27 0.32
100 60
3 3 3 3 3 3 3 3 3 3 3 3 3 3 3 3 3 3 3
01 03 05 07 14 18 19 24 25 29 31 32 36 37 38 42 43 47 55
0.27 0.27 0.27 0.27 0.22 0.27 0.32 0.27 0.22 0.27 0.27 0.32 0.27 0.27 0.22 0.27 0.22 0.32 0.22
101 60
3 3 3 3 3 3 3 3 3 3 3 3 3 3 3 3 3 3 3 3 3
02 02 08 09 13 14 16 17 19 20 26 27 30 38 40 45 51 53 54 57 59
0.22 0.22 0.27 0.32 0.27 0.27 0.27 0.22 0.27 0.22 0.27 0.27 0.27 0.27 0.22 0.22 0.27 0.27 0.32 0.27 0.32
102 60
3 3 3 3 3 3 3 3 3 3 3 3 3 3 3
00 08 15 19 20 26 30 31 37 43 44 45 46 48 55
0.27 0.22 0.22 0.27 0.32 0.22 0.27 0.32 0.22 0.27 0.27 0.27 0.27 0.27 0.22
103 60
3 3 3 3 3 3 3 3 3 3 3 3 3 3 3 3 3 3 3 3 3
01 02 07 08 10 11 16 17 19 21 22 25 32 33 39 46 50 51 52 56 57
0.32 0.22 0.27 0.27 0.27 0.22 0.27 0.22 0.27 0.27 0.27 0.27 0.27 0.32 0.22 0.22 0.27 0.27 0.22 0.27 0.32
104 60
3 3 3 3 3 3 3 3 3 3 3 3 3 3 3 3 3 3
03 08 09 10 16 20 22 27 33 34 35 39 45 46 48 50 52 59
0.27 0.27 0.27 0.22 0.22 0.27 0.22 0.22 0.27 0.27 0.22 0.22 0.27 0.27 0.27 0.22 0.22 0.22
105 60
3 3 3 3 3 3 3 3 3 3 3 3 3 3 3 3 3
01 04 09 10 14 19 20 22 23 26 31 32 37 38 45 48 55
0.32 0.32 0.27 0.32 0.22 0.27 0.27 0.27 0.22 0.22 0.27 0.22 0.27 0.22 0.22 0.22 0.22
106 60
3 3 3 3 3 3 3 3 3 3 3 3 3 3
07 08 10 13 15 19 26 27 31 37 39 39 40 47
0.27 0.27 0.27 0.22 0.22 0.22 0.27 0.22 0.22 0.27 0.27 0.32 0.27 0.22
107 60
3 3 3 3 3 3 3 3 3
02 41 43 45 46 47 48 53 55
0.27 0.27 0.22 0.22 0.22 0.27 0.27 0.27 0.27
108 60
3 3 3 3 3 3 3 3 3 3 3 3 3 3 3 3 3
01 03 04 05 09 14 16 21 22 27 29 33 37 45 46 51 53
0.27 0.27 0.27 0.22 0.32 0.27 0.22 0.27 0.32 0.27 0.22 0.22 0.22 0.27 0.22 0.27 0.22
109 60
3 3 3 3 3 3 3 3 3 3 3 3 3 3 3
00 09 10 14 21 26 29 30 38 43 44 48 54 55 59
0.22 0.27 0.22 0.32 0.22 0.27 0.22 0.22 0.22 0.27 0.22 0.32 0.27 0.32 0.27
110 60
3 3 3 3 3 3 3 3 3 3 3 3 3 3 3 3 3 3 3
01 05 11 12 17 18 22 23 24 26 27 28 36 42 47 48 52 53 59
0.27 0.22 0.27 0.22 0.27 0.22 0.27 0.27 0.27 0.27 0.27 0.27 0.32 0.22 0.27 0.22 0.27 0.22 0.27
111 60
3 3 3 3 3 3 3 3 3 3 3 3 3 3 3 3 3 3 3 3
02 03 04 06 07 08 13 20 21 27 31 33 35 38 39 40 43 50 56 57
0.22 0.27 0.22 0.27 0.27 0.22 0.22 0.27 0.32 0.22 0.27 0.27 0.22 0.27 0.27 0.22 0.32 0.22 0.27 0.22
112 60
3 3 3 3 3 3 3 3 3 3 3 3 3 3 3 3 3
04 07 08 13 19 25 27 28 31 32 39 45 51 53 55 56 59
0.22 0.27 0.32 0.32 0.22 0.27 0.27 0.32 0.27 0.22 0.32 0.22 0.27 0.27 0.27 0.22 0.22
113 60
3 3 3 3 3 3 3 3 3 3 3 3 3 3 3 3 3 3 3 3 3 3 3
00 10 12 14 15 16 17 21 22 28 35 36 37 40 42 43 44 45 46 52 53 54 59
0.27 0.27 0.22 0.27 0.27 0.27 0.22 0.27 0.22 0.22 0.27 0.27 0.22 0.27 0.27 0.27 0.32 0.27 0.22 0.27 0.27 0.22 0.27
114 60
3 3 3 3 3 3 3 3 3
01 03 03 04 10 11 48 54 55
0.22 0.27 0.22 0.22 0.27 0.27 0.27 0.27 0.22
115 60
3 3 3 3 3 3 3 3 3 3 3 3 3
00 08 14 19 21 26 30 31 32 38 44 49 55
0.27 0.22 0.32 0.27 0.22 0.22 0.27 0.27 0.22 0.22 0.22 0.22 0.22
116 60
3 3 3 3 3 3 3 3 3 3 3 3 3 3 3
00 01 05 06 08 11 17 24 25 29 35 45 53 55 59
0.22 0.22 0.27 0.27 0.22 0.22 0.32 0.27 0.22 0.22 0.22 0.27 0.27 0.22 0.27
117 60
3 3 3 3 3 3 3 3 3 3 3 3 3 3 3
01 03 11 12 13 15 21 28 30 33 38 46 47 53 59
0.27 0.22 0.27 0.27 0.22 0.22 0.22 0.27 0.22 0.22 0.22 0.27 0.22 0.22 0.27
118 60
3 3 3 3 3 3 3 3 3 3 3 3
00 02 11 15 17 20 28 30 38 45 50 51
0.27 0.27 0.22 0.27 0.22 0.22 0.22 0.27 0.22 0.22 0.27 0.22
119 60
3 3 3 3 3 3 3 3 3 3 3 3 3 3 3 3 3
02 09 10 11 15 21 22 26 30 36 37 42 48 54 56 57 59
0.27 0.22 0.27 0.22 0.22 0.27 0.22 0.22 0.22 0.27 0.22 0.22 0.22 0.27 0.27 0.32 0.22
120 60
3 3 3 3 3 3 3 3 3 3 3 3 3 3 3 3 3 3 3 3 3
03 03 06 08 11 12 13 15 18 26 27 30 34 35 36 38 44 45 51 56 57
0.27 0.27 0.22 0.22 0.27 0.27 0.22 0.22 0.22 0.27 0.22 0.22 0.27 0.27 0.22 0.22 0.27 0.27 0.22 0.27 0.22
121 60
3 3 3 3 3 3 3 3 3 3 3 3 3 3 3 3 3 3
04 05 10 11 14 15 17 18 22 28 32 38 43 44 45 47 54 56
0.27 0.22 0.27 0.27 0.27 0.22 0.27 0.32 0.22 0.22 0.32 0.32 0.22 0.22 0.27 0.32 0.27 0.27
122 60
3 3 3 3 3 3 3 3 3 3 3 3 3 3 3 3 3 3 3 3 3
00 11 12 15 17 18 20 21 22 29 30 34 39 40 41 42 44 46 48 51 59
0.22 0.27 0.22 0.27 0.27 0.27 0.27 0.27 0.27 0.27 0.22 0.22 0.27 0.27 0.27 0.22 0.27 0.27 0.27 0.27 0.27
123 60
3
33
0.27
124 60
3
21
0.27
125 60
3 3 3 3 3 3 3 3 3
01 22 30 33 39 44 51 56 57
0.22 0.32 0.22 0.22 0.22 0.32 0.22 0.27 0.32
126 60
3 3 3 3 3 3 3 3 3 3 3 3 3
07 13 13 24 25 29 36 41 42 48 49 54 59
0.22 0.22 0.22 0.27 0.32 0.22 0.22 0.27 0.32 0.27 0.22 0.22 0.22
127 60
3 3 3 3 3 3 3 3 3 3 3 3 3 3 3 3 3
02 16 19 22 24 26 33 39 40 42 44 51 53 54 57 58 59
0.27 0.27 0.27 0.27 0.27 0.22 0.22 0.27 0.27 0.22 0.22 0.27 0.22 0.27 0.22 0.22 0.27
128 60
3 3 3 3 3 3 3 3 3 3 3 3 3
00 06 08 09 15 21 28 35 41 45 51 57 58
0.27 0.27 0.2 0.22 0.22 0.22 0.32 0.22 0.22 0.32 0.32 0.27 0.27
129 60
3 3 3 3 3 3 3 3 3 3 3 3 3 3 3
01 08 14 16 20 21 26 31 32 38 39 43 48 50 55
0.22 0.22 0.27 0.22 0.27 0.22 0.32 0.27 0.22 0.27 0.22 0.32 0.27 0.32 0.22
130 60
3 3 3 3 3 3 3 3
07 08 13 18 23 25 28 48
0.27 0.22 0.22 0.22 0.27 0.32 0.22 0.27
131 60
3 3 3
00 50 54
0.27 0.22 0.22
132 60
3 3 3 3
00 01 04 05
0.27 0.22 0.27 0.22
133 60
3 3 3 3 3 3 3 3 3 3 3 3 3 3 3 3 3 3 3 3 3 3
01 02 02 05 07 10 11 12 16 22 23 25 32 34 35 39 41 43 44 48 56 57
0.27 0.22 0.27 0.27 0.22 0.27 0.27 0.22 0.22 0.27 0.27 0.27 0.27 0.27 0.27 0.27 0.22 0.27 0.22 0.22 0.27 0.22
134 60
3 3 3 3 3 3 3 3 3 3 3 3 3
00 03 05 06 08 13 18 24 25 31 38 49 55
0.22 0.27 0.27 0.32 0.22 0.32 0.22 0.27 0.22 0.22 0.22 0.22 0.22
135 60
3 3 3 3 3 3 3 3 3 3 3 3 3 3 3 3 3 3 3 3 3 3 3 3
04 05 06 07 14 15 16 17 18 20 21 22 27 34 36 39 40 41 42 43 45 52 57 58
0.27 0.27 0.27 0.22 0.27 0.27 0.27 0.32 0.27 0.27 0.27 0.32 0.22 0.27 0.22 0.27 0.22 0.22 0.22 0.27 0.27 0.22 0.27 0.22
136 60
3 3 3 3 3 3 3 3 3 3 3 3 3 3 3 3 3 3
02 06 08 10 11 15 23 29 34 35 41 46 47 48 53 55 56 59
0.22 0.27 0.22 0.27 0.32 0.22 0.22 0.32 0.27 0.32 0.22 0.27 0.27 0.22 0.27 0.27 0.22 0.32
137 60
3 3 3 3 3 3 3 3 3 3 3 3 3 3 3 3
00 12 15 16 22 24 27 28 33 38 39 41 43 44 48 54
0.22 0.22 0.27 0.32 0.27 0.27 0.27 0.27 0.22 0.27 0.27 0.27 0.22 0.22 0.22 0.22
138 60
3 3 3 3 3 3 3 3 3 3 3 3 3 3
02 06 12 19 21 24 29 38 44 46 48 49 50 55
0.27 0.22 0.22 0.27 0.32 0.22 0.22 0.32 0.27 0.27 0.27 0.22 0.22 0.22
139 60
3 3 3 3 3 3 3 3 3 3 3 3 3 3 3 3
03 04 08 16 17 18 20 21 27 32 34 36 45 52 54 56
0.32 0.32 0.32 0.27 0.27 0.22 0.27 0.32 0.22 0.27 0.27 0.27 0.22 0.27 0.27 0.27
140 60
3 3 3 3 3 3 3 3 3 3 3 3 3 3
00 09 15 22 24 29 31 41 42 46 52 53 55 59
0.32 0.22 0.32 0.27 0.22 0.27 0.27 0.27 0.22 0.22 0.27 0.27 0.22 0.27
141 60
3 3 3 3 3 3 3 3 3 3 3 3 3 3 3 3
00 05 07 08 09 11 16 21 27 28 32 38 39 45 51 58
0.27 0.27 0.27 0.27 0.22 0.32 0.22 0.22 0.27 0.22 0.22 0.27 0.22 0.22 0.22 0.27
142 60
3 3 3 3 3 3 3 3 3 3 3 3 3 3 3 3 3 3
02 02 04 05 10 11 16 23 29 35 36 40 41 42 44 51 55 56
0.22 0.27 0.27 0.32 0.27 0.22 0.32 0.22 0.22 0.27 0.22 0.27 0.27 0.22 0.32 0.22 0.27 0.22
143 60
3 3 3 3 3 3 3 3 3 3 3 3 3 3 3 3 3 3 3
01 03 08 09 14 20 22 26 27 32 33 39 40 44 45 46 50 56 59
0.27 0.22 0.27 0.32 0.22 0.27 0.22 0.27 0.32 0.27 0.22 0.27 0.22 0.27 0.27 0.22 0.22 0.27 0.27
144 60
3 3 3 3
08 16 18 32
0.22 0.27 0.27 0.27
145 60
3
30
0.22
146 60
3 3 3 3
00 50 57 58
0.32 0.32 0.27 0.27
147 60
3 3 3 3 3 3 3 3 3 3 3 3 3
00 02 09 14 15 16 17 20 26 35 41 47 52
0.27 0.22 0.32 0.27 0.27 0.27 0.22 0.32 0.27 0.32 0.22 0.32 0.22
148 60
3 3 3 3 3 3 3 3 3 3 3 3 3 3
00 02 03 10 14 19 27 28 29 33 35 37 46 54
0.27 0.22 0.22 0.22 0.32 0.22 0.27 0.27 0.22 0.27 0.27 0.27 0.22 0.22
149 60
3 3 3 3 3 3 3 3 3 3 3 3 3 3 3 3 3
01 03 05 09 11 15 16 21 22 27 33 38 39 43 51 58 59
0.27 0.22 0.22 0.22 0.22 0.27 0.22 0.27 0.22 0.32 0.22 0.27 0.22 0.22 0.22 0.27 0.22
150 60
3 3 3 3 3 3 3 3 3 3 3 3 3 3 3 3
04 15 17 21 26 28 32 33 39 41 42 45 46 52 54 59
0.32 0.27 0.22 0.22 0.27 0.22 0.27 0.22 0.27 0.27 0.22 0.27 0.22 0.27 0.22 0.22
151 60
3 3 3 3 3 3 3 3 3 3 3 3 3 3
00 11 13 18 25 30 31 32 35 36 42 43 50 57
0.27 0.27 0.22 0.22 0.22 0.27 0.27 0.22 0.27 0.22 0.27 0.32 0.22 0.27
152 60
3 3 3 3 3 3 3 3 3 3 3 3 3 3 3 3 3 3 3 3
03 09 10 11 14 16 18 19 20 21 28 33 35 37 39 46 48 49 57 58
0.27 0.27 0.27 0.22 0.27 0.27 0.27 0.22 0.27 0.22 0.22 0.27 0.27 0.27 0.27 0.27 0.27 0.27 0.27 0.22
153 60
3 3 3 3 3 3 3 3 3 3 3 3 3 3 3 3 3 3 3 3 3 3
04 04 06 07 08 10 15 17 18 25 26 27 28 31 36 37 39 47 53 54 56 58
0.27 0.27 0.27 0.22 0.27 0.22 0.27 0.27 0.27 0.27 0.22 0.27 0.22 0.22 0.27 0.27 0.27 0.22 0.27 0.27 0.32 0.22
154 60
3 3 3 3 3 3 3 3 3 3 3 3 3 3 3
02 05 11 12 17 24 30 31 38 39 41 48 50 57 59
0.27 0.22 0.27 0.22 0.22 0.22 0.27 0.32 0.27 0.27 0.27 0.27 0.22 0.27 0.22
155 60
3 3 3 3 3 3 3 3 3 3 3 3 3 3 3 3 3
03 04 05 07 11 16 17 18 19 25 30 32 33 34 38 39 45
0.27 0.27 0.27 0.27 0.27 0.27 0.27 0.22 0.22 0.22 0.27 0.27 0.27 0.22 0.27 0.22 0.27
156 60
3 3 3 3 3 3 3 3 3 3 3 3
04 12 13 23 25 29 30 38 40 44 52 58
0.27 0.27 0.22 0.27 0.22 0.27 0.22 0.27 0.22 0.32 0.22 0.22
157 60
3 3 3 3 3 3 3 3 3 3 3 3 3 3
00 05 11 12 17 25 27 31 36 45 47 48 53 54
0.22 0.22 0.27 0.22 0.22 0.27 0.22 0.22 0.27 0.27 0.22 0.22 0.27 0.22
158 60
3 3 3 3 3 3 3 3 3 3 3 3 3 3 3 3 3 3 3
02 05 11 13 16 17 22 24 26 32 33 38 45 50 52 54 56 57 58
0.22 0.22 0.27 0.22 0.27 0.22 0.27 0.27 0.27 0.27 0.32 0.32 0.22 0.27 0.27 0.27 0.22 0.27 0.22
159 60
3 3 3 3 3 3 3 3 3 3 3 3 3 3 3
01 07 08 16 19 25 26 27 30 37 39 45 49 55 57
0.22 0.27 0.32 0.27 0.22 0.27 0.27 0.22 0.32 0.27 0.22 0.22 0.22 0.27 0.22
160 60
3 3 3 3 3 3 3 3 3 3 3 3 3 3 3 3 3 3 3
00 07 13 14 15 20 21 23 25 32 33 34 38 39 40 45 49 57 58
0.27 0.22 0.27 0.27 0.22 0.27 0.27 0.27 0.27 0.27 0.27 0.22 0.27 0.27 0.22 0.22 0.22 0.27 0.22
161 60
3 3 3 3 3 3 3 3 3 3 3 3 3 3 3 3 3 3
01 06 07 15 16 17 20 21 22 27 28 30 36 45 46 48 55 56
0.22 0.22 0.22 0.27 0.27 0.22 0.27 0.27 0.22 0.27 0.22 0.22 0.22 0.27 0.32 0.22 0.27 0.27
162 60
3 3 3 3 3 3 3 3 3 3 3 3 3 3
00 12 13 16 27 32 34 36 37 42 46 47 48 53
0.27 0.27 0.27 0.27 0.22 0.27 0.22 0.27 0.32 0.32 0.27 0.27 0.22 0.22
163 60
3 3 3 3 3 3 3 3 3 3 3 3 3 3 3 3 3 3 3 3 3
02 03 04 04 06 07 11 12 13 15 16 21 27 32 41 42 46 48 50 51 59
0.27 0.27 0.22 0.27 0.27 0.32 0.27 0.27 0.27 0.22 0.22 0.22 0.32 0.22 0.27 0.22 0.27 0.27 0.22 0.22 0.22
164 60
3 3 3 3 3 3 3 3 3 3 3 3 3
07 10 15 21 27 31 38 40 42 47 49 50 51
0.22 0.22 0.22 0.32 0.22 0.22 0.27 0.22 0.22 0.27 0.27 0.27 0.22
165 60
3 3 3 3
01 48 54 59
0.22 0.32 0.22 0.27
166 60
3 3 3 3 3 3 3 3 3 3 3 3 3 3 3 3 3
00 05 11 17 23 24 25 29 34 35 40 41 42 45 47 49 52
0.27 0.27 0.22 0.22 0.27 0.27 0.22 0.32 0.27 0.32 0.27 0.27 0.22 0.27 0.27 0.22 0.32
167 60
3 3 3 3 3 3 3 3 3 3 3 3 3 3 3 3 3 3 3 3 3 3 3
02 04 05 05 09 10 15 16 18 20 22 23 26 31 38 42 46 47 50 53 54 56 59
0.22 0.27 0.22 0.27 0.27 0.22 0.27 0.27 0.22 0.27 0.27 0.32 0.22 0.22 0.22 0.22 0.27 0.27 0.27 0.27 0.22 0.22 0.22
168 60
3 3 3 3 3 3 3 3 3 3 3 3 3 3 3 3 3 3 3 3 3
06 07 08 10 14 15 16 20 21 27 29 33 39 40 42 43 45 46 47 50 51
0.22 0.27 0.32 0.22 0.27 0.27 0.22 0.27 0.32 0.27 0.22 0.22 0.27 0.27 0.27 0.32 0.27 0.27 0.22 0.27 0.22
169 60
3 3 3 3 3 3 3 3 3 3
01 15 19 26 31 39 40 44 50 56
0.32 0.22 0.22 0.22 0.22 0.27 0.32 0.32 0.22 0.22
170 60
3 3 3 3 3 3 3 3 3 3 3 3 3 3 3 3 3
00 08 09 10 12 18 26 28 32 33 39 41 45 46 51 56 59
0.22 0.27 0.27 0.22 0.32 0.22 0.27 0.22 0.27 0.22 0.27 0.22 0.27 0.22 0.22 0.27 0.22
171 60
3 3 3 3 3 3 3 3 3 3 3 3 3 3 3
06 07 09 13 15 18 23 29 33 41 45 46 48 50 59
0.22 0.27 0.22 0.27 0.32 0.22 0.32 0.22 0.22 0.22 0.27 0.27 0.27 0.27 0.22
172 60
3 3 3 3 3 3 3 3 3 3 3 3 3 3 3
02 11 17 18 19 24 30 35 36 41 46 47 52 53 59
0.27 0.32 0.27 0.27 0.32 0.22 0.22 0.27 0.22 0.32 0.27 0.22 0.27 0.22 0.27
173 60
3 3 3 3 3 3 3 3 3 3 3 3 3 3 3 3 3 3 3 3 3 3
02 10 14 15 17 19 20 21 22 25 26 31 32 35 37 38 45 49 51 53 54 56
0.22 0.22 0.27 0.27 0.22 0.27 0.27 0.27 0.32 0.27 0.32 0.27 0.27 0.22 0.27 0.22 0.22 0.27 0.27 0.27 0.27 0.27
174 60
3 3
07 31
0.32 0.22
175 60
3 3 3 3 3 3 3 3 3 3 3 3 3 3 3
00 32 35 36 37 41 43 44 45 48 49 51 56 58 59
0.22 0.22 0.27 0.22 0.27 0.27 0.22 0.27 0.32 0.22 0.27 0.22 0.27 0.22 0.27
176 60
3 3 3 3 3 3 3 3 3 3 3 3 3 3 3 3 3 3 3 3 3 3 3 3
00 01 03 04 06 07 08 09 10 16 17 19 21 26 28 29 34 36 37 40 46 53 58 59
0.22 0.27 0.22 0.22 0.27 0.27 0.27 0.22 0.22 0.27 0.32 0.27 0.22 0.27 0.22 0.27 0.27 0.22 0.32 0.22 0.22 0.22 0.27 0.27
177 60
3 3 3 3 3 3 3 3 3 3 3 3 3 3 3 3 3
00 04 11 15 24 29 30 36 37 38 39 43 44 50 51 52 55
0.22 0.22 0.22 0.22 0.32 0.27 0.22 0.27 0.27 0.27 0.22 0.27 0.22 0.27 0.27 0.22 0.22
178 60
3 3 3 3 3 3 3 3 3 3 3 3 3 3
01 07 11 13 20 22 26 27 28 33 42 45 53 59
0.22 0.22 0.32 0.22 0.32 0.22 0.27 0.27 0.22 0.22 0.27 0.27 0.22 0.27
179 60
3 3 3 3 3 3 3 3 3 3 3 3 3 3 3 3 3 3 3
00 04 05 10 11 17 19 21 22 24 25 36 38 40 42 44 46 53 54
0.22 0.27 0.22 0.27 0.22 0.27 0.27 0.27 0.2 0.27 0.32 0.27 0.27 0.32 0.27 0.27 0.27 0.27 0.22
180 60
3 3 3 3 3 3 3 3 3 3 3 3 3 3 3
05 10 11 14 22 27 33 40 41 43 44 45 53 54 59
0.32 0.27 0.27 0.27 0.22 0.22 0.32 0.27 0.27 0.27 0.22 0.32 0.27 0.22 0.22
181 60
3 3 3 3 3 3 3 3 3 3 3 3 3 3
00 13 15 16 23 24 30 34 35 43 47 49 52 58
0.27 0.27 0.22 0.22 0.27 0.22 0.22 0.27 0.22 0.22 0.27 0.22 0.22 0.27
182 60
3 3 3 3 3 3 3 3 3 3 3 3 3 3 3 3 3 3 3 3 3 3 3 3
02 04 05 07 11 13 15 16 17 19 20 26 28 30 32 34 36 37 44 46 47 49 51 57
0.22 0.22 0.27 0.22 0.27 0.27 0.27 0.27 0.22 0.27 0.22 0.27 0.27 0.22 0.27 0.27 0.27 0.27 0.27 0.27 0.27 0.27 0.27 0.22
183 60
3 3 3 3 3 3 3 3 3 3 3 3 3
01 09 10 11 13 19 28 31 38 43 44 49 56
0.22 0.27 0.27 0.27 0.27 0.32 0.22 0.22 0.27 0.27 0.22 0.22 0.32
184 60
3 3 3 3 3 3 3 3 3 3 3 3 3 3 3 3 3 3 3 3 3
01 07 12 14 15 18 24 27 28 29 31 32 34 36 43 48 49 50 51 54 59
0.27 0.22 0.27 0.27 0.22 0.22 0.27 0.27 0.27 0.22 0.27 0.27 0.27 0.27 0.22 0.27 0.27 0.27 0.22 0.32 0.27
185 60
3 3 3 3 3 3 3 3 3 3 3 3 3 3 3 3 3 3
02 07 08 13 18 19 24 29 29 31 33 34 37 43 45 46 47 49
0.22 0.27 0.22 0.22 0.27 0.22 0.32 0.27 0.22 0.27 0.27 0.22 0.32 0.27 0.27 0.27 0.27 0.27
186 60
3 3 3 3 3 3 3 3 3 3 3 3
00 30 33 35 40 42 44 48 52 53 54 59
0.27 0.27 0.27 0.22 0.27 0.27 0.22 0.22 0.27 0.27 0.22 0.27
187 60
3 3 3 3 3 3 3 3 3 3 3 3 3 3 3 3 3
01 10 11 13 15 16 17 21 27 32 34 35 39 41 42 48 54
0.22 0.27 0.27 0.27 0.22 0.27 0.22 0.22 0.22 0.27 0.27 0.32 0.22 0.27 0.27 0.22 0.22
188 60
3 3 3 3 3 3 3 3 3 3 3 3 3 3
02 06 11 18 26 32 37 38 40 41 42 48 54 57
0.27 0.22 0.22 0.22 0.22 0.22 0.27 0.27 0.27 0.22 0.22 0.22 0.22 0.22
189 60
3 3 3 3 3 3 3 3 3 3 3 3 3 3 3 3 3 3 3 3 3 3 3
01 03 04 09 11 12 17 19 25 27 28 32 37 38 40 44 45 49 51 54 55 56 58
0.22 0.27 0.22 0.27 0.27 0.22 0.22 0.22 0.27 0.27 0.32 0.32 0.27 0.27 0.22 0.27 0.32 0.27 0.27 0.22 0.22 0.27 0.22
190 60
3 3 3 3 3 3 3 3 3 3 3 3 3 3 3 3 3 3 3 3 3 3 3 3 3
01 05 06 08 10 11 12 15 18 20 21 26 27 28 29 32 34 38 43 45 46 51 53 54 56
0.22 0.22 0.27 0.22 0.22 0.27 0.27 0.22 0.27 0.27 0.22 0.27 0.27 0.27 0.22 0.27 0.22 0.22 0.22 0.22 0.22 0.27 0.22 0.27 0.22
191 60
3 3 3 3 3 3 3 3 3 3
03 09 16 25 33 38 44 45 48 56
0.22 0.32 0.22 0.27 0.22 0.22 0.27 0.22 0.32 0.32
192 60
3 3 3 3 3 3 3 3 3 3 3 3 3 3 3 3
00 10 11 16 22 23 24 28 29 33 40 41 47 53 55 56
0.22 0.27 0.32 0.22 0.27 0.27 0.22 0.27 0.32 0.32 0.27 0.22 0.22 0.27 0.27 0.22
193 60
3 3 3 3 3 3 3 3 3 3 3 3
02 06 10 18 25 32 33 38 44 50 56 58
0.22 0.22 0.22 0.27 0.32 0.27 0.32 0.22 0.32 0.22 0.27 0.22
194 60
3 3 3 3 3 3 3 3 3 3 3 3 3 3 3 3 3
02 07 12 17 18 24 25 26 33 35 36 39 46 47 49 51 57
0.32 0.22 0.32 0.27 0.22 0.27 0.27 0.27 0.27 0.27 0.32 0.22 0.27 0.27 0.27 0.27 0.22
195 60
3 3 3 3 3 3 3 3 3 3 3 3 3 3 3 3 3 3 3 3 3
05 08 09 14 18 20 22 25 29 31 35 36 37 41 42 46 49 51 52 54 59
0.27 0.27 0.22 0.22 0.27 0.27 0.22 0.22 0.27 0.22 0.27 0.27 0.22 0.27 0.22 0.27 0.27 0.32 0.27 0.22 0.22
196 60
3 3 3 3 3 3 3 3 3 3 3 3 3 3 3 3 3 3 3 3 3 3
00 06 08 12 18 19 20 23 24 29 32 33 34 39 41 43 48 50 51 53 54 56
0.22 0.27 0.32 0.22 0.27 0.27 0.22 0.27 0.32 0.22 0.27 0.27 0.22 0.27 0.27 0.27 0.27 0.27 0.27 0.32 0.27 0.22
