4,5,1,2,3
50,08,59,14,01
0.27,0.25,0.22,0.22,0.2
4,4,5,1,2,3
52,09,13,00,04,07
0.27,0.22,0.22,0.2,0.27,0.22
4,5,5,1,2,3
00,14,26,02,46,58
0.27,0.27,0.32,0.22,0.27,0.22
4,5,1,2,3,3
48,37,30,38,59,18
0.27,0.22,0.27,0.22,0.32,0.22
4,5,1,2,3
04,32,56,17,14
0.2,0.27,0.22,0.22,0.22
4,5,5,1,1,2,3,3,3,3
54,32,11,59,54,53,18,19,20,17
0.22,0.27,0.22,0.25,0.2,0.32,0.27,0.27,0.22,0.32
4,5,5,5,1,2,3,3,3,3,3,3,3,3,3,3,3,3,3,3,3,3,3,3,3,3,3,3
12,12,13,09,11,32,19,22,23,28,29,30,32,33,34,35,41,42,43,44,45,47,48,50,52,54,56,02
0.2,0.22,0.22,0.27,0.2,0.22,0.22,0.27,0.27,0.22,0.27,0.22,0.27,0.22,0.27,0.27,0.27,0.27,0.27,0.22,0.22,0.27,0.22,0.22,0.27,0.27,0.27,0.27
5,5,1,2,3,3,3,3,3,3,3,3,3,3,3,3,3,3,3,3,3,3,3,3,3
12,17,53,48,04,06,07,09,14,17,18,21,22,24,25,27,31,37,44,47,50,51,54,59,01
0.22,0.27,0.27,0.22,0.27,0.22,0.27,0.27,0.22,0.27,0.22,0.27,0.27,0.22,0.27,0.22,0.22,0.22,0.22,0.27,0.22,0.27,0.27,0.27,0.27
5,1,1,2,3,3,3,3,3,3,3,3,3,3,3,3,3,3,3,3,3
39,54,00,05,03,04,06,07,09,11,12,14,20,28,33,40,42,51,57,59,04
0.27,0.22,0.27,0.27,0.22,0.22,0.27,0.27,0.22,0.27,0.32,0.22,0.22,0.22,0.22,0.27,0.32,0.22,0.27,0.22,0.22
5,1,2,3,3,3,3,3,3,3,3,3,3,3,3,3,3,3,3,3,3,3,3,3
49,39,07,09,10,11,15,16,21,22,24,25,26,32,33,34,38,44,45,50,52,54,56,02
0.27,0.2,0.27,0.27,0.27,0.22,0.27,0.22,0.27,0.27,0.27,0.32,0.22,0.27,0.27,0.22,0.32,0.27,0.22,0.27,0.27,0.22,0.22,0.32
5,5,1,2,3,3,3,3,3,3,3,3,3,3,3,3,3
53,26,30,36,12,13,14,15,18,19,26,43,45,49,50,55,03
0.27,0.22,0.2,0.27,0.27,0.27,0.27,0.32,0.27,0.22,0.22,0.27,0.22,0.27,0.22,0.22,0.22
5,1,1,2,3,3,3,3,3,3,3,3,3,3,3,3,3,3,3,3,3,3
05,39,04,41,08,09,15,21,27,33,35,36,37,38,40,43,44,45,49,50,58,01
0.22,0.27,0.2,0.27,0.27,0.32,0.32,0.22,0.22,0.27,0.27,0.27,0.32,0.27,0.22,0.27,0.27,0.22,0.27,0.32,0.22,0.27
5,5,2,3,3,3,3,3,3,3,3,3,3,3,3,3,3,3,3,3,3,3,3,3
08,33,18,02,08,10,14,16,19,20,25,26,28,30,31,36,37,41,42,43,48,54,58,00
0.22,0.22,0.2,0.22,0.27,0.22,0.27,0.22,0.27,0.32,0.27,0.27,0.22,0.27,0.32,0.27,0.22,0.27,0.27,0.22,0.22,0.22,0.27,0.27
5,2,3,3,3,3,3,3,3,3,3,3,3,3,3,3,3,3,3
43,07,01,04,06,09,17,21,22,27,28,29,30,34,42,44,54,59,05
0.22,0.27,0.32,0.27,0.27,0.27,0.22,0.27,0.22,0.27,0.27,0.27,0.22,0.22,0.27,0.27,0.22,0.22,0.27
5,5,2,3,3,3,3,3,3,3,3,3,3,3,3,3,3,3,3,3,3,3,3,3,3,3
45,52,09,07,11,12,13,14,15,16,17,19,26,27,31,37,39,43,44,45,48,49,54,55,59,05
0.27,0.22,0.2,0.22,0.27,0.27,0.27,0.27,0.27,0.32,0.27,0.22,0.27,0.22,0.22,0.27,0.22,0.27,0.27,0.22,0.27,0.32,0.27,0.22,0.22,0.27
5,2,3,3,3,3,3,3,3,3,3,3,3,3,3,3,3,3,3,3,3,3,3
48,03,07,09,11,17,18,20,22,23,28,29,34,35,36,40,45,46,49,50,52,58,02
0.22,0.27,0.27,0.22,0.22,0.27,0.27,0.27,0.22,0.22,0.27,0.22,0.27,0.27,0.22,0.22,0.27,0.22,0.22,0.27,0.22,0.22,0.27
5,5,5,2,3,3,3,3,3,3,3,3,3,3,3,3,3,3,3,3,3,3
49,50,28,59,03,04,06,12,17,22,23,27,33,34,36,42,43,44,45,47,54,00
0.27,0.22,0.22,0.27,0.27,0.27,0.27,0.22,0.22,0.27,0.22,0.22,0.27,0.22,0.22,0.27,0.27,0.27,0.22,0.22,0.22,0.22
5,2,3,3,3,3,3,3,3,3,3,3,3,3,3
48,00,07,11,12,15,18,19,23,25,26,28,33,34,37
0.27,0.22,0.32,0.27,0.27,0.22,0.27,0.22,0.22,0.22,0.27,0.22,0.27,0.22,0.22
5,2,2,2,3,3,3,3,3
11,04,11,10,38,40,41,42,54
0.27,0.22,0.22,0.27,0.27,0.22,0.27,0.27,0.27
5,5,5,5,2,2,3,3,3
12,15,16,08,11,58,56,59,06
0.22,0.32,0.22,0.22,0.22,0.22,0.22,0.22,0.22
2,3,3,3,3,3,3,3,3,3,3,3,3,3,3,3
00,14,19,23,24,30,31,32,33,37,38,39,44,50,56,02
0.27,0.22,0.22,0.27,0.32,0.27,0.27,0.27,0.32,0.27,0.27,0.22,0.32,0.32,0.22,0.22
3,3,3,3,3,3,3,3,3,3,3,3,3,3,3,3,3
10,14,20,26,27,30,31,36,43,46,47,49,50,53,54,58,04
0.22,0.32,0.22,0.27,0.22,0.27,0.32,0.22,0.22,0.27,0.27,0.27,0.22,0.27,0.22,0.22,0.27
3,3,3,3,3,3,3,3,3,3,3,3,3,3,3,3,3,3
05,07,08,10,15,22,23,24,25,30,31,38,44,49,51,52,53,01
0.27,0.27,0.32,0.22,0.22,0.27,0.27,0.27,0.32,0.27,0.27,0.22,0.22,0.27,0.27,0.27,0.27,0.22
3,3,3,3,3,3,3,3,3,3,3,3,3,3,3,3
07,08,14,19,26,27,28,32,37,39,43,44,45,51,59,03
0.27,0.22,0.22,0.32,0.27,0.27,0.22,0.22,0.27,0.22,0.27,0.27,0.32,0.32,0.22,0.27
3,3,3,3,3,3,3,3,3
04,09,10,15,16,20,30,37,41
0.22,0.27,0.22,0.27,0.22,0.22,0.27,0.22,0.27
3,3,3,3,3
48,54,56,58,01
0.22,0.27,0.27,0.22,0.22
3,3,3,3,3,3,3,3,3,3,3,3,3,3,3,3,3,3,3,3,3,3,3
07,09,10,15,17,19,20,22,23,24,26,29,30,31,35,36,41,44,45,48,53,59,05
0.27,0.27,0.32,0.27,0.22,0.27,0.27,0.27,0.32,0.27,0.22,0.27,0.27,0.22,0.27,0.32,0.27,0.27,0.22,0.22,0.22,0.22,0.27
3,3,3,3,3,3,3,3,3,3,3,3,3,3,3
06,12,18,26,29,30,35,37,38,45,49,56,57,58,01
0.22,0.22,0.22,0.27,0.27,0.27,0.27,0.27,0.22,0.22,0.22,0.27,0.27,0.22,0.22
3,3,3,3,3,3,3,3,3,3,3,3,3,3,3,3
08,15,16,17,19,26,32,33,34,39,45,47,50,51,56,00
0.22,0.27,0.27,0.27,0.27,0.22,0.27,0.27,0.32,0.32,0.27,0.27,0.22,0.22,0.22,0.27
3,3,3,3,3,3,3,3,3,3,3,3,3,3,3
01,03,04,06,15,17,18,25,29,34,35,41,48,53,59
0.27,0.27,0.22,0.22,0.27,0.22,0.22,0.22,0.22,0.27,0.32,0.22,0.22,0.22,0.32
3,3,3,3,3,3,3,3,3,3,3,3,3,3,3,3
03,04,06,14,18,26,27,30,37,39,43,48,53,54,55,59
0.27,0.27,0.27,0.32,0.22,0.27,0.32,0.22,0.27,0.22,0.22,0.22,0.27,0.27,0.32,0.32
3,3,3,3,3,3,3,3,3,3,3,3,3,3
03,10,14,15,16,23,30,35,41,43,46,53,58,59
0.22,0.22,0.27,0.27,0.22,0.32,0.22,0.22,0.27,0.22,0.22,0.22,0.27,0.27
3,3,3,3,3,3,3,3,3,3,3,3,3,3,3
00,01,06,13,25,31,33,37,42,48,49,50,51,53,00
0.27,0.27,0.22,0.22,0.22,0.27,0.22,0.22,0.22,0.27,0.27,0.27,0.22,0.22,0.27
3,3,3,3,3,3,3,3,3,3,3,3,3,3,3,3,3,3,3,3,3,3
01,02,06,08,09,11,16,17,23,24,25,26,27,29,35,40,47,52,53,55,56,05
0.27,0.22,0.27,0.27,0.32,0.22,0.27,0.32,0.27,0.27,0.27,0.32,0.27,0.22,0.22,0.22,0.22,0.27,0.27,0.27,0.27,0.22
3,3,3,3,3,3,3,3,3,3,3,3,3
12,14,18,21,28,35,41,43,46,51,58,59,00
0.27,0.22,0.32,0.22,0.22,0.22,0.27,0.22,0.22,0.22,0.27,0.27,0.22
3,3,3,3,3,3,3,3,3,3,3,3,3,3,3,3,3,3,3,3,3,3,3,3
05,07,08,09,14,15,17,18,20,21,25,26,30,31,32,34,36,37,39,43,44,49,57,02
0.32,0.27,0.27,0.22,0.27,0.27,0.27,0.32,0.27,0.32,0.27,0.22,0.27,0.27,0.27,0.22,0.22,0.32,0.27,0.27,0.22,0.22,0.32,0.27
3,3,3,3,3,3,3,3,3,3,3
03,04,05,07,14,21,27,37,40,41,01
0.27,0.27,0.32,0.22,0.22,0.32,0.32,0.27,0.22,0.22,0.22
3,3,3,3,3,3,3,3,3,3,3,3,3,3,3
03,04,07,08,13,15,16,18,26,27,36,45,50,54,00
0.27,0.22,0.27,0.22,0.27,0.27,0.27,0.27,0.27,0.22,0.27,0.32,0.22,0.22,0.22
3,3,3,3,3,3,3,3,3,3,3,3,3,3,3,3
07,09,12,19,25,27,30,35,38,39,42,43,47,52,59,00
0.27,0.22,0.22,0.22,0.27,0.22,0.22,0.27,0.27,0.22,0.27,0.32,0.22,0.22,0.27,0.22
3,3,3,3,3,3,3,3,3,3,3,3,3,3,3,3,3,3,3
05,08,10,12,13,17,18,22,29,30,35,42,44,45,46,47,54,59,07
0.27,0.22,0.27,0.27,0.22,0.27,0.32,0.22,0.27,0.22,0.32,0.27,0.27,0.27,0.27,0.27,0.22,0.32,0.22
3,3,3,3,3,3,3,3,3,3,3,3,3,3,3,3
11,20,21,22,24,30,32,34,36,37,42,50,52,55,56,02
0.22,0.27,0.27,0.27,0.27,0.27,0.27,0.22,0.27,0.32,0.32,0.27,0.22,0.27,0.32,0.22
3,3,3,3,3,3,3,3,3,3,3,3,3,3,3,3,3,3,3,3,3,3,3
07,09,13,15,17,26,34,40,41,42,43,44,46,48,49,51,53,54,55,57,58,59,04
0.27,0.22,0.27,0.27,0.27,0.22,0.22,0.27,0.27,0.27,0.27,0.22,0.27,0.27,0.22,0.27,0.27,0.27,0.27,0.22,0.27,0.32,0.32
3,3,3,3,3,3,3,3,3,3,3,3,3,3,3,3,3,3
09,10,16,17,22,23,29,31,36,41,43,45,46,52,53,54,58,03
0.27,0.22,0.27,0.32,0.27,0.22,0.27,0.22,0.32,0.27,0.27,0.27,0.27,0.27,0.27,0.22,0.22,0.27
3,3,3,3,3,3,3,3,3,3,3,3,3,3,3,3,3,3,3,3
04,09,10,12,14,15,21,26,27,29,31,32,37,39,44,45,47,48,55,03
0.22,0.27,0.27,0.27,0.22,0.22,0.22,0.27,0.27,0.27,0.22,0.22,0.27,0.22,0.27,0.27,0.27,0.27,0.22,0.22
3,3,3,3,3,3,3,3,3,3,3,3,3,3,3
08,12,14,15,22,26,27,35,36,41,43,51,53,54,00
0.22,0.27,0.27,0.22,0.22,0.27,0.22,0.27,0.22,0.27,0.22,0.27,0.22,0.22,0.22
3,3,3,3,3,3,3,3,3,3,3,3,3,3,3,3
07,08,09,11,19,21,25,30,35,41,42,43,47,52,59,00
0.27,0.27,0.22,0.22,0.27,0.22,0.22,0.22,0.22,0.27,0.27,0.22,0.22,0.22,0.27,0.27
3,3,3,3,3,3,3,3,3,3,3,3,3,3
01,05,10,17,20,27,29,31,40,44,50,51,55,04
0.32,0.32,0.22,0.22,0.22,0.27,0.27,0.27,0.22,0.22,0.27,0.32,0.22,0.22
3,3,3,3,3,3,3,3,3
08,14,20,28,32,33,34,36,56
0.32,0.22,0.22,0.22,0.27,0.27,0.27,0.27,0.27
3,3,3
58,59,02
0.27,0.32,0.22
3,3,3,3,3,3,3,3,3,3,3,3,3,3,3,3,3,3,3,3
08,14,15,20,22,23,25,28,29,31,33,36,37,39,40,41,45,50,55,00
0.22,0.27,0.22,0.27,0.27,0.32,0.27,0.27,0.32,0.27,0.22,0.27,0.22,0.22,0.22,0.27,0.22,0.22,0.22,0.27
3,3,3,3,3,3,3,3,3,3,3,3,3,3,3,3,3,3,3
02,06,08,13,15,20,22,24,31,33,34,36,37,41,42,43,47,51,00
0.22,0.27,0.22,0.27,0.32,0.27,0.27,0.27,0.27,0.27,0.22,0.27,0.22,0.27,0.27,0.22,0.22,0.32,0.32
3,3,3,3,3,3,3,3,3,3,3,3,3,3,3,3,3,3,3,3,3
05,11,14,15,17,18,19,20,21,30,31,36,37,43,45,50,51,53,55,56,02
0.22,0.27,0.27,0.32,0.27,0.27,0.27,0.27,0.27,0.27,0.22,0.27,0.32,0.27,0.22,0.27,0.27,0.27,0.22,0.22,0.22
3,3,3,3,3,3,3,3,3,3,3,3,3,3,3
08,10,12,15,17,21,27,32,33,36,37,45,50,59,00
0.27,0.27,0.22,0.27,0.22,0.22,0.22,0.27,0.27,0.27,0.27,0.22,0.22,0.27,0.22
3,3,3,3,3,3,3,3,3,3,3,3,3,3,3,3,3,3
05,11,12,13,14,15,18,24,30,31,32,36,37,41,49,55,56,00
0.32,0.27,0.27,0.27,0.27,0.22,0.22,0.22,0.27,0.27,0.22,0.27,0.22,0.22,0.22,0.27,0.22,0.22
3,3,3,3,3,3,3,3,3,3,3,3,3,3
06,07,11,20,21,22,25,31,36,42,48,56,57,02
0.27,0.32,0.22,0.27,0.27,0.22,0.22,0.22,0.22,0.32,0.22,0.27,0.32,0.22
3,3,3,3,3,3,3,3,3,3
05,13,21,30,34,41,46,53,59,06
0.22,0.22,0.27,0.22,0.22,0.22,0.22,0.22,0.22,0.22
3,3,3,3,3,3,3,3,3,3,3
11,14,17,24,31,32,35,40,47,53,00
0.27,0.22,0.22,0.22,0.27,0.32,0.22,0.22,0.22,0.22,0.22
3,3,3,3,3,3
06,15,20,21,38,53
0.22,0.22,0.27,0.22,0.22,0.27
3
00
0.27
3,3,3,3,3,3,3,3,3,3,3,3,3,3,3,3,3,3,3,3
01,03,04,05,07,08,11,14,16,19,27,34,40,41,48,53,57,58,59,00
0.22,0.22,0.22,0.27,0.22,0.22,0.27,0.27,0.27,0.27,0.32,0.22,0.22,0.27,0.27,0.27,0.22,0.27,0.27,0.22
3,3,3,3,3,3,3,3,3,3,3,3,3,3,3,3,3,3
02,06,09,14,17,21,22,23,24,27,29,34,38,39,47,53,59,00
0.22,0.27,0.22,0.22,0.27,0.27,0.32,0.22,0.27,0.27,0.27,0.27,0.27,0.32,0.22,0.22,0.27,0.27
3,3,3,3,3,3,3,3,3,3,3,3,3,3,3,3,3,3,3
01,06,07,10,16,17,18,21,22,34,39,45,46,50,52,54,58,59,02
0.22,0.27,0.22,0.22,0.27,0.27,0.22,0.27,0.27,0.22,0.22,0.27,0.32,0.27,0.27,0.22,0.27,0.32,0.22
3,3,3,3,3,3,3,3,3,3,3,3,3,3,3,3,3
10,12,14,15,21,27,28,29,32,37,38,43,45,46,50,55,02
0.27,0.27,0.22,0.22,0.22,0.27,0.27,0.22,0.22,0.27,0.22,0.27,0.27,0.22,0.32,0.22,0.22
3,3,3,3,3,3,3,3,3,3,3,3,3,3,3,3,3,3,3
08,12,14,15,16,19,24,30,31,32,33,34,35,40,47,48,49,54,00
0.22,0.27,0.27,0.27,0.22,0.22,0.22,0.27,0.27,0.27,0.27,0.22,0.32,0.22,0.27,0.27,0.22,0.22,0.22
3,3,3,3,3,3,3,3,3,3,3,3,3,3,3
05,06,12,16,22,29,35,40,42,45,52,54,55,58,05
0.27,0.32,0.22,0.22,0.22,0.22,0.22,0.27,0.22,0.32,0.27,0.27,0.22,0.22,0.22
3,3,3,3,3,3,3,3,3,3,3
09,18,20,23,31,36,42,43,47,53,01
0.22,0.27,0.22,0.22,0.22,0.22,0.27,0.32,0.22,0.22,0.27
3,3,3,3,3,3,3,3,3,3,3,3,3,3,3
02,07,14,20,26,32,34,36,44,46,48,49,50,56,02
0.32,0.22,0.22,0.32,0.32,0.27,0.22,0.22,0.27,0.27,0.27,0.22,0.22,0.32,0.27
3,3,3,3,3,3,3,3,3,3,3,3,3,3,3,3
03,08,09,14,20,26,32,34,38,39,45,46,51,53,58,03
0.22,0.27,0.22,0.32,0.22,0.22,0.27,0.22,0.27,0.22,0.27,0.32,0.27,0.22,0.22,0.32
3,3,3
08,18,12
0.32,0.22,0.27
3
04
0.32
3
43
0.27
3,3,3,3,3,3,3,3,3
44,46,49,54,55,57,58,59,05
0.27,0.32,0.22,0.22,0.27,0.22,0.22,0.27,0.27
3,3,3,3,3,3,3,3,3,3,3,3,3,3,3,3,3,3,3,3
07,10,12,13,15,17,19,20,22,24,25,27,28,29,33,37,45,46,49,01
0.32,0.27,0.22,0.22,0.27,0.27,0.22,0.27,0.27,0.22,0.27,0.27,0.22,0.22,0.22,0.27,0.32,0.32,0.22,0.27
3,3,3,3,3,3,3,3,3,3,3,3,3,3,3,3,3,3,3,3,3,3,3,3,3
02,03,05,10,12,13,14,19,24,26,31,35,36,37,39,40,42,43,45,48,52,53,56,57,00
0.27,0.27,0.27,0.27,0.27,0.27,0.27,0.22,0.27,0.22,0.22,0.22,0.27,0.27,0.22,0.22,0.27,0.22,0.22,0.27,0.27,0.27,0.22,0.27,0.27
3,3,3,3,3,3,3,3,3,3,3,3,3,3,3,3,3,3,3,3
02,06,11,17,18,19,20,22,29,31,34,35,42,44,45,50,51,52,54,02
0.27,0.22,0.22,0.27,0.27,0.27,0.27,0.27,0.27,0.22,0.27,0.22,0.27,0.27,0.22,0.27,0.27,0.27,0.27,0.27
3,3,3,3,3,3,3,3,3,3,3,3,3,3,3,3,3,3,3
03,08,13,15,17,19,20,24,25,26,30,31,36,37,41,42,50,56,02
0.22,0.22,0.27,0.27,0.22,0.27,0.32,0.27,0.27,0.22,0.27,0.32,0.27,0.22,0.27,0.32,0.22,0.22,0.27
3,3,3,3,3,3,3,3,3,3,3,3,3,3,3,3
03,05,08,13,21,22,26,27,35,39,40,44,50,51,55,01
0.27,0.22,0.22,0.22,0.27,0.22,0.27,0.32,0.22,0.27,0.32,0.22,0.27,0.22,0.22,0.27
3,3,3,3,3,3,3,3,3,3,3,3
02,04,06,15,17,20,27,34,40,50,59,01
0.27,0.22,0.22,0.27,0.32,0.22,0.22,0.22,0.22,0.27,0.27,0.27
3,3,3,3,3,3,3,3,3,3,3,3,3
03,05,10,16,19,21,28,34,40,45,49,56,03
0.22,0.22,0.22,0.22,0.32,0.32,0.32,0.22,0.22,0.32,0.22,0.32,0.22
3,3,3,3,3,3,3,3,3,3,3,3,3
08,18,22,23,28,34,36,38,39,46,50,57,04
0.22,0.22,0.27,0.22,0.22,0.27,0.27,0.22,0.22,0.22,0.32,0.22,0.27
3,3,3,3,3,3,3,3,3,3,3,3,3,3,3
06,14,20,25,27,32,33,36,37,42,43,48,55,57,01
0.27,0.22,0.22,0.27,0.32,0.27,0.22,0.27,0.22,0.27,0.22,0.32,0.27,0.22,0.27
3,3,3,3,3,3,3,3,3,3,3,3,3,3,3,3,3,3,3
02,06,07,13,14,19,25,31,32,36,38,42,44,45,46,47,53,54,00
0.22,0.27,0.22,0.27,0.22,0.22,0.22,0.27,0.22,0.27,0.22,0.27,0.27,0.27,0.27,0.27,0.27,0.22,0.27
3,3,3,3,3,3,3,3,3,3,3,3,3
02,04,06,13,15,17,19,25,33,37,38,43,02
0.27,0.27,0.27,0.27,0.27,0.22,0.22,0.32,0.22,0.27,0.32,0.27,0.27
3
15
0.27
3,3,3,3,3,3,3,3,3,3,3,3,3,3,3,3,3,3
18,23,25,26,27,28,31,32,35,37,38,40,41,43,44,50,57,06
0.27,0.22,0.27,0.27,0.27,0.27,0.22,0.27,0.27,0.32,0.27,0.27,0.22,0.27,0.22,0.22,0.22,0.27
3,3,3,3,3,3,3,3,3,3,3,3,3,3,3,3,3,3
07,08,10,11,13,14,15,17,25,31,37,39,48,49,54,55,59,04
0.22,0.27,0.22,0.22,0.22,0.22,0.27,0.22,0.22,0.22,0.27,0.27,0.27,0.22,0.27,0.22,0.22,0.32
3,3,3,3,3,3,3,3,3,3,3,3,3,3,3
12,17,19,20,21,28,29,30,34,41,45,53,54,58,05
0.22,0.27,0.27,0.27,0.27,0.27,0.27,0.22,0.32,0.22,0.32,0.27,0.22,0.32,0.27
3,3,3,3,3,3,3,3,3,3,3,3,3,3,3,3,3
06,11,13,17,18,24,27,29,30,36,42,49,55,56,58,59,01
0.22,0.27,0.22,0.27,0.22,0.27,0.22,0.27,0.32,0.22,0.22,0.22,0.27,0.27,0.27,0.22,0.27
3,3,3,3,3,3,3,3,3,3,3,3,3,3,3,3
02,07,13,18,19,20,24,26,30,32,34,44,50,52,59,03
0.32,0.32,0.22,0.27,0.27,0.22,0.27,0.22,0.27,0.27,0.27,0.22,0.27,0.22,0.32,0.32
3,3,3,3,3,3,3,3,3,3,3,3,3,3,3,3,3,3,3,3,3
10,11,15,16,23,24,25,27,28,36,37,38,39,40,44,49,51,52,55,56,00
0.27,0.22,0.27,0.32,0.27,0.27,0.27,0.27,0.27,0.27,0.27,0.27,0.27,0.22,0.22,0.27,0.27,0.32,0.27,0.22,0.22
3,3,3,3,3,3,3,3,3,3,3,3,3,3,3,3,3,3,3,3
07,11,12,17,18,24,25,30,32,33,37,38,43,47,50,51,52,53,59,04
0.22,0.27,0.22,0.27,0.22,0.27,0.22,0.27,0.27,0.22,0.27,0.32,0.22,0.27,0.27,0.27,0.22,0.22,0.22,0.27
3,3,3,3,3,3,3,3,3,3,3,3,3,3
05,12,18,22,23,29,30,36,41,42,43,45,52,53
0.22,0.22,0.22,0.27,0.32,0.27,0.32,0.22,0.27,0.27,0.27,0.27,0.22,0.27
3,3
54,01
0.27,0.27
3,3,3
02,06,29
0.27,0.22,0.22
3
20
0.27
3
29
0.27
3,3
30,04
0.27,0.27
3,3,3,3,3,3,3,3,3,3,3,3,3,3,3,3,3,3,3,3
06,11,16,22,23,30,32,34,36,37,41,42,46,48,49,50,52,56,57,02
0.22,0.22,0.32,0.27,0.22,0.27,0.22,0.27,0.27,0.22,0.27,0.32,0.22,0.22,0.27,0.22,0.22,0.27,0.22,0.22
3,3,3,3,3,3,3,3,3,3,3,3,3,3,3,3,3
08,14,20,21,26,28,31,32,37,38,43,45,48,53,56,57,01
0.32,0.22,0.27,0.32,0.27,0.22,0.27,0.32,0.27,0.22,0.27,0.32,0.22,0.27,0.27,0.32,0.27
3,3,3,3,3,3,3,3,3,3,3,3,3,3,3,3,3,3,3
03,05,07,14,18,19,24,25,29,31,32,36,37,38,42,43,47,55,01
0.27,0.27,0.27,0.22,0.27,0.32,0.27,0.22,0.27,0.27,0.32,0.27,0.27,0.22,0.27,0.22,0.32,0.22,0.27
3,3,3,3,3,3,3,3,3,3,3,3,3,3,3,3,3,3,3,3,3
02,08,09,13,14,16,17,19,20,26,27,30,38,40,45,51,53,54,57,59,02
0.22,0.27,0.32,0.27,0.27,0.27,0.22,0.27,0.22,0.27,0.27,0.27,0.27,0.22,0.22,0.27,0.27,0.32,0.27,0.32,0.22
3,3,3,3,3,3,3,3,3,3,3,3,3,3,3
08,15,19,20,26,30,31,37,43,44,45,46,48,55,00
0.22,0.22,0.27,0.32,0.22,0.27,0.32,0.22,0.27,0.27,0.27,0.27,0.27,0.22,0.27
3,3,3,3,3,3,3,3,3,3,3,3,3,3,3,3,3,3,3,3,3
01,07,08,10,11,16,17,19,21,22,25,32,33,39,46,50,51,52,56,57,02
0.32,0.27,0.27,0.27,0.22,0.27,0.22,0.27,0.27,0.27,0.27,0.27,0.32,0.22,0.22,0.27,0.27,0.22,0.27,0.32,0.22
3,3,3,3,3,3,3,3,3,3,3,3,3,3,3,3,3,3
08,09,10,16,20,22,27,33,34,35,39,45,46,48,50,52,59,03
0.27,0.27,0.22,0.22,0.27,0.22,0.22,0.27,0.27,0.22,0.22,0.27,0.27,0.27,0.22,0.22,0.22,0.27
3,3,3,3,3,3,3,3,3,3,3,3,3,3,3,3,3
04,09,10,14,19,20,22,23,26,31,32,37,38,45,48,55,01
0.32,0.27,0.32,0.22,0.27,0.27,0.27,0.22,0.22,0.27,0.22,0.27,0.22,0.22,0.22,0.22,0.32
3,3,3,3,3,3,3,3,3,3,3,3,3,3
07,08,10,13,15,19,26,27,31,37,39,40,47,39
0.27,0.27,0.27,0.22,0.22,0.22,0.27,0.22,0.22,0.27,0.27,0.27,0.22,0.32
3,3,3,3,3,3,3,3,3
41,43,45,46,47,48,53,55,02
0.27,0.22,0.22,0.22,0.27,0.27,0.27,0.27,0.27
3,3,3,3,3,3,3,3,3,3,3,3,3,3,3,3,3
03,04,05,09,14,16,21,22,27,29,33,37,45,46,51,53,01
0.27,0.27,0.22,0.32,0.27,0.22,0.27,0.32,0.27,0.22,0.22,0.22,0.27,0.22,0.27,0.22,0.27
3,3,3,3,3,3,3,3,3,3,3,3,3,3,3
09,10,14,21,26,29,30,38,43,44,48,54,55,59,00
0.27,0.22,0.32,0.22,0.27,0.22,0.22,0.22,0.27,0.22,0.32,0.27,0.32,0.27,0.22
3,3,3,3,3,3,3,3,3,3,3,3,3,3,3,3,3,3,3
05,11,12,17,18,22,23,24,26,27,28,36,42,47,48,52,53,59,01
0.22,0.27,0.22,0.27,0.22,0.27,0.27,0.27,0.27,0.27,0.27,0.32,0.22,0.27,0.22,0.27,0.22,0.27,0.27
3,3,3,3,3,3,3,3,3,3,3,3,3,3,3,3,3,3,3,3
03,04,06,07,08,13,20,21,27,31,33,35,38,39,40,43,50,56,57,02
0.27,0.22,0.27,0.27,0.22,0.22,0.27,0.32,0.22,0.27,0.27,0.22,0.27,0.27,0.22,0.32,0.22,0.27,0.22,0.22
3,3,3,3,3,3,3,3,3,3,3,3,3,3,3,3,3
07,08,13,19,25,27,28,31,32,39,45,51,53,55,56,59,04
0.27,0.32,0.32,0.22,0.27,0.27,0.32,0.27,0.22,0.32,0.22,0.27,0.27,0.27,0.22,0.22,0.22
3,3,3,3,3,3,3,3,3,3,3,3,3,3,3,3,3,3,3,3,3,3,3
10,12,14,15,16,17,21,22,28,35,36,37,40,42,43,44,45,46,52,53,54,59,00
0.27,0.22,0.27,0.27,0.27,0.22,0.27,0.22,0.22,0.27,0.27,0.22,0.27,0.27,0.27,0.32,0.27,0.22,0.27,0.27,0.22,0.27,0.27
3,3,3,3,3,3,3,3,3
01,03,04,10,11,48,54,55,03
0.22,0.27,0.22,0.27,0.27,0.27,0.27,0.22,0.22
3,3,3,3,3,3,3,3,3,3,3,3,3
08,14,19,21,26,30,31,32,38,44,49,55,00
0.22,0.32,0.27,0.22,0.22,0.27,0.27,0.22,0.22,0.22,0.22,0.22,0.27
3,3,3,3,3,3,3,3,3,3,3,3,3,3,3
01,05,06,08,11,17,24,25,29,35,45,53,55,59,00
0.22,0.27,0.27,0.22,0.22,0.32,0.27,0.22,0.22,0.22,0.27,0.27,0.22,0.27,0.22
3,3,3,3,3,3,3,3,3,3,3,3,3,3,3
03,11,12,13,15,21,28,30,33,38,46,47,53,59,01
0.22,0.27,0.27,0.22,0.22,0.22,0.27,0.22,0.22,0.22,0.27,0.22,0.22,0.27,0.27
3,3,3,3,3,3,3,3,3,3,3,3
02,11,15,17,20,28,30,38,45,50,51,00
0.27,0.22,0.27,0.22,0.22,0.22,0.27,0.22,0.22,0.27,0.22,0.27
3,3,3,3,3,3,3,3,3,3,3,3,3,3,3,3,3
09,10,11,15,21,22,26,30,36,37,42,48,54,56,57,59,02
0.22,0.27,0.22,0.22,0.27,0.22,0.22,0.22,0.27,0.22,0.22,0.22,0.27,0.27,0.32,0.22,0.27
3,3,3,3,3,3,3,3,3,3,3,3,3,3,3,3,3,3,3,3,3
03,06,08,11,12,13,15,18,26,27,30,34,35,36,38,44,45,51,56,57,03
0.27,0.22,0.22,0.27,0.27,0.22,0.22,0.22,0.27,0.22,0.22,0.27,0.27,0.22,0.22,0.27,0.27,0.22,0.27,0.22,0.27
3,3,3,3,3,3,3,3,3,3,3,3,3,3,3,3,3,3
04,05,11,14,15,17,18,22,28,32,38,43,44,45,47,54,56,10
0.27,0.22,0.27,0.27,0.22,0.27,0.32,0.22,0.22,0.32,0.32,0.22,0.22,0.27,0.32,0.27,0.27,0.27
3,3,3,3,3,3,3,3,3,3,3,3,3,3,3,3,3,3,3,3,3
11,12,15,17,18,20,21,22,29,30,34,39,40,41,42,44,46,48,51,59,00
0.27,0.22,0.27,0.27,0.27,0.27,0.27,0.27,0.27,0.22,0.22,0.27,0.27,0.27,0.22,0.27,0.27,0.27,0.27,0.27,0.22
3
33
0.27
3
21
0.27
3,3,3,3,3,3,3,3,3
22,30,33,39,44,51,56,57,01
0.32,0.22,0.22,0.22,0.32,0.22,0.27,0.32,0.22
3,3,3,3,3,3,3,3,3,3,3,3,3
07,13,24,25,29,36,41,42,48,49,54,59,13
0.22,0.22,0.27,0.32,0.22,0.22,0.27,0.32,0.27,0.22,0.22,0.22,0.22
3,3,3,3,3,3,3,3,3,3,3,3,3,3,3,3,3
16,19,22,24,26,33,39,40,42,44,51,53,54,57,58,59,02
0.27,0.27,0.27,0.27,0.22,0.22,0.27,0.27,0.22,0.22,0.27,0.22,0.27,0.22,0.22,0.27,0.27
3,3,3,3,3,3,3,3,3,3,3,3,3
06,08,09,15,21,28,35,41,45,51,57,58,00
0.27,0.2,0.22,0.22,0.22,0.32,0.22,0.22,0.32,0.32,0.27,0.27,0.27
3,3,3,3,3,3,3,3,3,3,3,3,3,3,3
08,14,16,20,21,26,31,32,38,39,43,48,50,55,01
0.22,0.27,0.22,0.27,0.22,0.32,0.27,0.22,0.27,0.22,0.32,0.27,0.32,0.22,0.22
3,3,3,3,3,3,3,3
07,08,13,18,23,25,28,48
0.27,0.22,0.22,0.22,0.27,0.32,0.22,0.27
3,3,3
50,54,00
0.22,0.22,0.27
3,3,3,3
01,04,05,00
0.22,0.27,0.22,0.27
3,3,3,3,3,3,3,3,3,3,3,3,3,3,3,3,3,3,3,3,3,3
01,02,05,07,10,11,12,16,22,23,25,32,34,35,39,41,43,44,48,56,57,02
0.27,0.22,0.27,0.22,0.27,0.27,0.22,0.22,0.27,0.27,0.27,0.27,0.27,0.27,0.27,0.22,0.27,0.22,0.22,0.27,0.22,0.27
3,3,3,3,3,3,3,3,3,3,3,3,3
03,05,06,08,13,18,24,25,31,38,49,55,00
0.27,0.27,0.32,0.22,0.32,0.22,0.27,0.22,0.22,0.22,0.22,0.22,0.22
3,3,3,3,3,3,3,3,3,3,3,3,3,3,3,3,3,3,3,3,3,3,3,3
05,06,07,14,15,16,17,18,20,21,22,27,34,36,39,40,41,42,43,45,52,57,58,04
0.27,0.27,0.22,0.27,0.27,0.27,0.32,0.27,0.27,0.27,0.32,0.22,0.27,0.22,0.27,0.22,0.22,0.22,0.27,0.27,0.22,0.27,0.22,0.27
3,3,3,3,3,3,3,3,3,3,3,3,3,3,3,3,3,3
06,08,10,11,15,23,29,34,35,41,46,47,48,53,55,56,59,02
0.27,0.22,0.27,0.32,0.22,0.22,0.32,0.27,0.32,0.22,0.27,0.27,0.22,0.27,0.27,0.22,0.32,0.22
3,3,3,3,3,3,3,3,3,3,3,3,3,3,3,3
12,15,16,22,24,27,28,33,38,39,41,43,44,48,54,00
0.22,0.27,0.32,0.27,0.27,0.27,0.27,0.22,0.27,0.27,0.27,0.22,0.22,0.22,0.22,0.22
3,3,3,3,3,3,3,3,3,3,3,3,3,3
06,12,19,21,24,29,38,44,46,48,49,50,55,02
0.22,0.22,0.27,0.32,0.22,0.22,0.32,0.27,0.27,0.27,0.22,0.22,0.22,0.27
3,3,3,3,3,3,3,3,3,3,3,3,3,3,3,3
03,08,16,17,18,20,21,27,32,34,36,45,52,54,56,04
0.32,0.32,0.27,0.27,0.22,0.27,0.32,0.22,0.27,0.27,0.27,0.22,0.27,0.27,0.27,0.32
3,3,3,3,3,3,3,3,3,3,3,3,3,3
09,15,22,24,29,31,41,42,46,52,53,55,59,00
0.22,0.32,0.27,0.22,0.27,0.27,0.27,0.22,0.22,0.27,0.27,0.22,0.27,0.32
3,3,3,3,3,3,3,3,3,3,3,3,3,3,3,3
05,07,08,09,11,16,21,27,28,32,38,39,45,51,58,00
0.27,0.27,0.27,0.22,0.32,0.22,0.22,0.27,0.22,0.22,0.27,0.22,0.22,0.22,0.27,0.27
3,3,3,3,3,3,3,3,3,3,3,3,3,3,3,3,3,3
02,04,05,10,11,16,23,29,35,36,40,41,42,44,51,55,56,02
0.22,0.27,0.32,0.27,0.22,0.32,0.22,0.22,0.27,0.22,0.27,0.27,0.22,0.32,0.22,0.27,0.22,0.27
3,3,3,3,3,3,3,3,3,3,3,3,3,3,3,3,3,3,3
03,08,09,14,20,22,26,27,32,33,39,40,44,45,46,50,56,59,01
0.22,0.27,0.32,0.22,0.27,0.22,0.27,0.32,0.27,0.22,0.27,0.22,0.27,0.27,0.22,0.22,0.27,0.27,0.27
3,3,3,3
08,16,18,32
0.22,0.27,0.27,0.27
3
30
0.22
3,3,3,3
50,57,58,00
0.32,0.27,0.27,0.32
3,3,3,3,3,3,3,3,3,3,3,3,3
02,09,14,15,16,17,20,26,35,41,47,52,00
0.22,0.32,0.27,0.27,0.27,0.22,0.32,0.27,0.32,0.22,0.32,0.22,0.27
3,3,3,3,3,3,3,3,3,3,3,3,3,3
02,03,10,14,19,27,28,29,33,35,37,46,54,00
0.22,0.22,0.22,0.32,0.22,0.27,0.27,0.22,0.27,0.27,0.27,0.22,0.22,0.27
3,3,3,3,3,3,3,3,3,3,3,3,3,3,3,3,3
01,03,05,09,15,16,21,22,27,33,38,39,43,51,58,59,11
0.27,0.22,0.22,0.22,0.27,0.22,0.27,0.22,0.32,0.22,0.27,0.22,0.22,0.22,0.27,0.22,0.22
3,3,3,3,3,3,3,3,3,3,3,3,3,3,3,3
15,17,21,26,28,32,33,39,41,42,45,46,52,54,59,04
0.27,0.22,0.22,0.27,0.22,0.27,0.22,0.27,0.27,0.22,0.27,0.22,0.27,0.22,0.22,0.32
3,3,3,3,3,3,3,3,3,3,3,3,3,3
11,13,18,25,30,31,32,35,36,42,43,50,57,00
0.27,0.22,0.22,0.22,0.27,0.27,0.22,0.27,0.22,0.27,0.32,0.22,0.27,0.27
3,3,3,3,3,3,3,3,3,3,3,3,3,3,3,3,3,3,3,3
09,10,11,14,16,18,19,20,21,28,33,35,37,39,46,48,49,57,58,03
0.27,0.27,0.22,0.27,0.27,0.27,0.22,0.27,0.22,0.22,0.27,0.27,0.27,0.27,0.27,0.27,0.27,0.27,0.22,0.27
3,3,3,3,3,3,3,3,3,3,3,3,3,3,3,3,3,3,3,3,3,3
04,06,07,08,10,15,17,18,25,26,27,28,31,36,37,39,47,53,54,56,58,04
0.27,0.27,0.22,0.27,0.22,0.27,0.27,0.27,0.27,0.22,0.27,0.22,0.22,0.27,0.27,0.27,0.22,0.27,0.27,0.32,0.22,0.27
3,3,3,3,3,3,3,3,3,3,3,3,3,3,3
05,11,12,17,24,30,31,38,39,41,48,50,57,59,02
0.22,0.27,0.22,0.22,0.22,0.27,0.32,0.27,0.27,0.27,0.27,0.22,0.27,0.22,0.27
3,3,3,3,3,3,3,3,3,3,3,3,3,3,3,3,3
03,04,05,07,16,17,18,19,25,30,32,33,34,38,39,45,11
0.27,0.27,0.27,0.27,0.27,0.27,0.22,0.22,0.22,0.27,0.27,0.27,0.22,0.27,0.22,0.27,0.27
3,3,3,3,3,3,3,3,3,3,3,3
12,13,23,25,29,30,38,40,44,52,58,04
0.27,0.22,0.27,0.22,0.27,0.22,0.27,0.22,0.32,0.22,0.22,0.27
3,3,3,3,3,3,3,3,3,3,3,3,3,3
05,11,12,17,25,27,31,36,45,47,48,53,54,00
0.22,0.27,0.22,0.22,0.27,0.22,0.22,0.27,0.27,0.22,0.22,0.27,0.22,0.22
3,3,3,3,3,3,3,3,3,3,3,3,3,3,3,3,3,3,3
05,11,13,16,17,22,24,26,32,33,38,45,50,52,54,56,57,58,02
0.22,0.27,0.22,0.27,0.22,0.27,0.27,0.27,0.27,0.32,0.32,0.22,0.27,0.27,0.27,0.22,0.27,0.22,0.22
3,3,3,3,3,3,3,3,3,3,3,3,3,3,3
07,08,16,19,25,26,27,30,37,39,45,49,55,57,01
0.27,0.32,0.27,0.22,0.27,0.27,0.22,0.32,0.27,0.22,0.22,0.22,0.27,0.22,0.22
3,3,3,3,3,3,3,3,3,3,3,3,3,3,3,3,3,3,3
07,13,14,15,20,21,23,25,32,33,34,38,39,40,45,49,57,58,00
0.22,0.27,0.27,0.22,0.27,0.27,0.27,0.27,0.27,0.27,0.22,0.27,0.27,0.22,0.22,0.22,0.27,0.22,0.27
3,3,3,3,3,3,3,3,3,3,3,3,3,3,3,3,3,3
01,07,15,16,17,20,21,22,27,28,30,36,45,46,48,55,56,06
0.22,0.22,0.27,0.27,0.22,0.27,0.27,0.22,0.27,0.22,0.22,0.22,0.27,0.32,0.22,0.27,0.27,0.22
3,3,3,3,3,3,3,3,3,3,3,3,3,3
12,13,16,27,32,34,36,37,42,46,47,48,53,00
0.27,0.27,0.27,0.22,0.27,0.22,0.27,0.32,0.32,0.27,0.27,0.22,0.22,0.27
3,3,3,3,3,3,3,3,3,3,3,3,3,3,3,3,3,3,3,3,3
02,03,04,06,07,11,12,13,15,16,21,27,32,41,42,46,48,50,51,59,04
0.27,0.27,0.22,0.27,0.32,0.27,0.27,0.27,0.22,0.22,0.22,0.32,0.22,0.27,0.22,0.27,0.27,0.22,0.22,0.22,0.27
3,3,3,3,3,3,3,3,3,3,3,3,3
07,10,15,21,27,31,38,40,42,49,50,51,47
0.22,0.22,0.22,0.32,0.22,0.22,0.27,0.22,0.22,0.27,0.27,0.22,0.27
3,3,3,3
48,54,59,01
0.32,0.22,0.27,0.22
3,3,3,3,3,3,3,3,3,3,3,3,3,3,3,3,3
05,11,17,23,24,25,29,34,35,40,41,42,45,47,49,52,00
0.27,0.22,0.22,0.27,0.27,0.22,0.32,0.27,0.32,0.27,0.27,0.22,0.27,0.27,0.22,0.32,0.27
3,3,3,3,3,3,3,3,3,3,3,3,3,3,3,3,3,3,3,3,3,3,3
02,04,05,09,10,15,16,18,20,22,23,26,31,38,42,46,47,50,53,54,56,59,05
0.22,0.27,0.22,0.27,0.22,0.27,0.27,0.22,0.27,0.27,0.32,0.22,0.22,0.22,0.22,0.27,0.27,0.27,0.27,0.22,0.22,0.22,0.27
3,3,3,3,3,3,3,3,3,3,3,3,3,3,3,3,3,3,3,3,3
07,08,10,14,15,16,20,21,27,29,33,39,40,42,43,45,46,47,50,51,06
0.27,0.32,0.22,0.27,0.27,0.22,0.27,0.32,0.27,0.22,0.22,0.27,0.27,0.27,0.32,0.27,0.27,0.22,0.27,0.22,0.22
3,3,3,3,3,3,3,3,3,3
15,19,26,31,39,40,44,50,56,01
0.22,0.22,0.22,0.22,0.27,0.32,0.32,0.22,0.22,0.32
3,3,3,3,3,3,3,3,3,3,3,3,3,3,3,3,3
08,09,10,12,18,26,28,32,33,39,41,45,46,51,56,59,00
0.27,0.27,0.22,0.32,0.22,0.27,0.22,0.27,0.22,0.27,0.22,0.27,0.22,0.22,0.27,0.22,0.22
3,3,3,3,3,3,3,3,3,3,3,3,3,3,3
07,09,13,15,18,23,29,33,41,45,46,48,50,59,06
0.27,0.22,0.27,0.32,0.22,0.32,0.22,0.22,0.22,0.27,0.27,0.27,0.27,0.22,0.22
3,3,3,3,3,3,3,3,3,3,3,3,3,3,3
11,17,18,19,24,30,35,36,41,46,47,52,53,59,02
0.32,0.27,0.27,0.32,0.22,0.22,0.27,0.22,0.32,0.27,0.22,0.27,0.22,0.27,0.27
3,3,3,3,3,3,3,3,3,3,3,3,3,3,3,3,3,3,3,3,3,3
10,14,15,17,19,20,21,22,25,26,31,32,35,37,38,45,49,51,53,54,56,02
0.22,0.27,0.27,0.22,0.27,0.27,0.27,0.32,0.27,0.32,0.27,0.27,0.22,0.27,0.22,0.22,0.27,0.27,0.27,0.27,0.27,0.22
3,3
07,31
0.32,0.22
3,3,3,3,3,3,3,3,3,3,3,3,3,3,3
32,35,36,37,41,43,44,45,48,49,51,56,58,59,00
0.22,0.27,0.22,0.27,0.27,0.22,0.27,0.32,0.22,0.27,0.22,0.27,0.22,0.27,0.22
3,3,3,3,3,3,3,3,3,3,3,3,3,3,3,3,3,3,3,3,3,3,3,3
01,03,04,06,07,08,09,10,16,17,19,21,26,28,29,34,36,37,40,46,53,58,59,00
0.27,0.22,0.22,0.27,0.27,0.27,0.22,0.22,0.27,0.32,0.27,0.22,0.27,0.22,0.27,0.27,0.22,0.32,0.22,0.22,0.22,0.27,0.27,0.22
3,3,3,3,3,3,3,3,3,3,3,3,3,3,3,3,3
04,11,15,24,29,30,36,37,38,39,43,44,50,51,52,55,00
0.22,0.22,0.22,0.32,0.27,0.22,0.27,0.27,0.27,0.22,0.27,0.22,0.27,0.27,0.22,0.22,0.22
3,3,3,3,3,3,3,3,3,3,3,3,3,3
07,11,13,20,22,26,27,28,33,42,45,53,59,01
0.22,0.32,0.22,0.32,0.22,0.27,0.27,0.22,0.22,0.27,0.27,0.22,0.27,0.22
3,3,3,3,3,3,3,3,3,3,3,3,3,3,3,3,3,3,3
04,05,10,11,17,19,21,22,24,25,36,38,40,42,44,46,53,54,00
0.27,0.22,0.27,0.22,0.27,0.27,0.27,0.2,0.27,0.32,0.27,0.27,0.32,0.27,0.27,0.27,0.27,0.22,0.22
3,3,3,3,3,3,3,3,3,3,3,3,3,3,3
10,11,14,22,27,33,40,41,43,44,45,53,54,59,05
0.27,0.27,0.27,0.22,0.22,0.32,0.27,0.27,0.27,0.22,0.32,0.27,0.22,0.22,0.32
3,3,3,3,3,3,3,3,3,3,3,3,3,3
13,15,16,23,24,30,34,35,43,47,49,52,58,00
0.27,0.22,0.22,0.27,0.22,0.22,0.27,0.22,0.22,0.27,0.22,0.22,0.27,0.27
3,3,3,3,3,3,3,3,3,3,3,3,3,3,3,3,3,3,3,3,3,3,3,3
02,05,07,11,13,15,16,17,19,20,26,28,30,32,34,36,37,44,46,47,49,51,57,04
0.22,0.27,0.22,0.27,0.27,0.27,0.27,0.22,0.27,0.22,0.27,0.27,0.22,0.27,0.27,0.27,0.27,0.27,0.27,0.27,0.27,0.27,0.22,0.22
3,3,3,3,3,3,3,3,3,3,3,3,3
09,10,11,13,19,28,31,38,43,44,49,56,01
0.27,0.27,0.27,0.27,0.32,0.22,0.22,0.27,0.27,0.22,0.22,0.32,0.22
3,3,3,3,3,3,3,3,3,3,3,3,3,3,3,3,3,3,3,3,3
07,12,14,15,18,24,27,28,29,31,32,34,36,43,48,49,50,51,54,59,01
0.22,0.27,0.27,0.22,0.22,0.27,0.27,0.27,0.22,0.27,0.27,0.27,0.27,0.22,0.27,0.27,0.27,0.22,0.32,0.27,0.27
3,3,3,3,3,3,3,3,3,3,3,3,3,3,3,3,3,3
02,07,08,13,18,19,24,29,31,33,34,37,43,45,46,47,49,29
0.22,0.27,0.22,0.22,0.27,0.22,0.32,0.27,0.27,0.27,0.22,0.32,0.27,0.27,0.27,0.27,0.27,0.22
3,3,3,3,3,3,3,3,3,3,3,3
30,33,35,40,42,44,48,52,53,54,59,00
0.27,0.27,0.22,0.27,0.27,0.22,0.22,0.27,0.27,0.22,0.27,0.27
3,3,3,3,3,3,3,3,3,3,3,3,3,3,3,3,3
10,11,13,15,16,17,21,27,32,34,35,39,41,42,48,54,01
0.27,0.27,0.27,0.22,0.27,0.22,0.22,0.22,0.27,0.27,0.32,0.22,0.27,0.27,0.22,0.22,0.22
3,3,3,3,3,3,3,3,3,3,3,3,3,3
06,11,18,26,32,37,38,40,41,42,48,54,57,02
0.22,0.22,0.22,0.22,0.22,0.27,0.27,0.27,0.22,0.22,0.22,0.22,0.22,0.27
3,3,3,3,3,3,3,3,3,3,3,3,3,3,3,3,3,3,3,3,3,3,3
03,04,09,11,12,17,19,25,27,28,32,37,38,40,44,45,49,51,54,55,56,58,01
0.27,0.22,0.27,0.27,0.22,0.22,0.22,0.27,0.27,0.32,0.32,0.27,0.27,0.22,0.27,0.32,0.27,0.27,0.22,0.22,0.27,0.22,0.22
3,3,3,3,3,3,3,3,3,3,3,3,3,3,3,3,3,3,3,3,3,3,3,3,3
05,06,08,10,11,12,15,18,20,21,26,27,28,29,32,34,38,43,45,46,51,53,54,56,01
0.22,0.27,0.22,0.22,0.27,0.27,0.22,0.27,0.27,0.22,0.27,0.27,0.27,0.22,0.27,0.22,0.22,0.22,0.22,0.22,0.27,0.22,0.27,0.22,0.22
3,3,3,3,3,3,3,3,3,3
09,16,25,33,38,44,45,48,56,03
0.32,0.22,0.27,0.22,0.22,0.27,0.22,0.32,0.32,0.22
3,3,3,3,3,3,3,3,3,3,3,3,3,3,3,3
10,11,16,22,23,24,28,29,33,40,41,47,53,55,56,00
0.27,0.32,0.22,0.27,0.27,0.22,0.27,0.32,0.32,0.27,0.22,0.22,0.27,0.27,0.22,0.22
3,3,3,3,3,3,3,3,3,3,3,3
06,10,18,25,32,33,38,44,50,56,58,02
0.22,0.22,0.27,0.32,0.27,0.32,0.22,0.32,0.22,0.27,0.22,0.22
3,3,3,3,3,3,3,3,3,3,3,3,3,3,3,3,3
07,12,17,18,24,25,26,33,35,36,39,46,47,49,51,57,02
0.22,0.32,0.27,0.22,0.27,0.27,0.27,0.27,0.27,0.32,0.22,0.27,0.27,0.27,0.27,0.22,0.32
3,3,3,3,3,3,3,3,3,3,3,3,3,3,3,3,3,3,3,3,3
08,09,14,18,20,22,25,29,31,35,36,37,41,42,46,49,51,52,54,59,05
0.27,0.22,0.22,0.27,0.27,0.22,0.22,0.27,0.22,0.27,0.27,0.22,0.27,0.22,0.27,0.27,0.32,0.27,0.22,0.22,0.27
3,3,3,3,3,3,3,3,3,3,3,3,3,3,3,3,3,3,3,3,3,3
06,08,12,18,19,20,23,24,29,32,33,34,39,41,43,48,50,51,53,54,56,00
0.27,0.32,0.22,0.27,0.27,0.22,0.27,0.32,0.22,0.27,0.27,0.22,0.27,0.27,0.27,0.27,0.27,0.27,0.32,0.27,0.22,0.22
