1,1,1,1,2,2,2,2,3,3,3,3,3,3,3,3,3,3,3,3,3,3,3,3,3,3,7,3,9,3
11,39,48,00,52,53,54,39,11,12,12,13,13,14,14,15,15,16,48,48,48,49,49,50,50,16,42,38,24,18
27.97,0.42,4.3,2.62,1.05,0.35,1.17,4.43,0.52,0.57,0.52,0.32,0.52,0.37,0.47,0.43,0.47,0.25,0.32,0.52,0.38,0.52,0.38,0.47,0.28,0.12,0.47,0.42,0.12,0.5
1,1,1,1,1,1,2,2,2,2,3,3,3,3,3,3,3,3,3,3,3,3,3,3,3,3,3,3,7,7,7,7,3
12,27,42,55,55,12,43,43,43,24,17,17,18,18,19,19,19,21,21,21,21,22,23,23,24,24,24,18,43,46,47,26,47
0.1,0.03,0.03,0.03,0.1,0.03,0.05,0.05,0.03,0.63,0.2,0.12,0.32,0.12,0.22,0.1,0.23,0.25,0.12,0.18,0.23,0.52,0.17,0.12,0.32,0.22,0.18,0.5,0.17,0.47,0.17,0.37,0.13
1,1,1,1,1,1,1,1,1,2,3,3,7,7,7,7,7,3
18,18,27,42,55,55,55,55,12,00,19,06,27,30,31,34,41,14
0.15,0.03,0.03,0.03,0.03,0.05,0.03,0.1,0.03,1.18,0.4,0.52,0.25,0.42,0.17,0.57,0.47,0.3
1,1,1,1,1,2,2,2,2,2,2,2,2,2,2,2,2,2,2,2,3,3,3,3,3,3,3,3,3,7,7,7,7,3,3,3,3,3,3,3,3,3,3,3,3,3,3,3,3,3,3,3,3,3,3,3,3,3,3,3,3,3,3,3,3,3,3,3,3,3,3,3,3,3,3,3,3,3,3,3,3,3,3,3,3,3
27,42,55,55,12,02,03,12,12,33,48,48,49,49,49,49,49,49,49,06,07,15,17,17,17,18,18,19,54,48,48,52,32,15,15,16,16,17,17,17,18,18,19,19,20,20,21,21,22,22,23,23,24,24,25,25,26,26,27,27,28,28,29,29,30,30,31,31,32,32,33,33,34,53,54,54,55,55,56,56,57,57,58,58,59,59
0.03,0.03,0.05,0.13,0.03,0.8,9.13,0.22,20.8,15.37,0.1,0.05,0.05,0.03,0.05,0.05,0.05,0.03,0.05,4.7,4.1,0.12,0.32,0.27,0.35,0.5,0.47,2.75,0.12,0.32,0.12,0.37,0.42,0.13,0.13,0.18,0.12,0.35,0.18,0.13,0.32,0.28,0.42,0.45,0.47,0.45,0.42,0.32,0.47,0.45,0.42,0.32,0.47,0.45,0.42,0.32,0.47,0.37,0.47,0.43,0.52,0.38,0.47,0.42,0.47,0.43,0.42,0.48,0.57,0.33,0.42,0.48,0.12,0.32,0.47,0.45,0.52,0.38,0.47,0.43,0.47,0.43,0.52,0.37,0.52,0.37
1,1,1,1,1,2,2,3,7,7,7,7,3,3,3,3,3,3,3,3,3,3,3,3,3,3,3,3,3,3,3,3,3,3,3,3,3,3,3,3,3,3,3,3,3,3,3,3,3,3,3,3,3,3,3,3,3,3,3,3,3,3,3,3,3,3,3,3,3,3,3,3,3,3,3,3,3,3,3,3,3,3,3,3,3,3,3,3,3,3,3,3,3,3,3,3,3,3,3,3,3,3,3,3,3,3,3,3,3,3,3,3,3,3,3,3,3,3,3,3,3,3,3,3,3,3,3,3,3,3,3,3
27,42,55,55,12,18,22,07,32,36,39,13,00,00,01,01,02,02,03,03,04,04,05,05,06,06,07,07,08,08,09,09,10,10,11,11,12,12,13,13,14,14,15,15,16,16,17,17,18,18,19,19,20,20,21,21,22,22,23,23,24,24,25,25,26,26,27,27,28,28,29,29,30,30,31,31,32,32,33,33,34,34,35,35,36,36,37,37,38,38,39,39,40,40,41,41,42,42,43,43,44,44,45,45,46,46,47,47,48,48,49,49,50,50,51,51,52,52,53,53,54,54,55,55,56,56,57,57,58,58,59,59
0.03,0.05,0.05,0.13,0.03,0.2,80.38,0.27,0.12,0.55,0.52,0.25,0.52,0.38,0.52,0.38,0.42,0.43,0.42,0.48,0.52,0.38,0.47,0.43,0.52,0.38,0.47,0.43,0.47,0.43,0.52,0.38,0.57,0.33,0.42,0.48,0.42,0.48,0.57,0.32,0.47,0.43,0.47,0.43,0.47,0.38,0.37,0.55,0.47,0.43,0.42,0.43,0.47,0.43,0.57,0.33,0.52,0.38,0.52,0.38,0.47,0.45,0.52,0.38,0.57,0.27,0.57,0.32,0.52,0.38,0.52,0.38,0.42,0.48,0.52,0.37,0.52,0.38,0.47,0.43,0.47,0.43,0.47,0.43,0.47,0.43,0.47,0.43,0.52,0.32,0.47,0.43,0.47,0.45,0.52,0.38,0.52,0.37,0.52,0.37,0.57,0.32,0.57,0.32,0.47,0.45,0.52,0.38,0.42,0.48,0.37,0.5,0.52,0.37,0.52,0.4,0.47,0.43,0.47,0.43,0.57,0.28,0.52,0.38,0.52,0.37,0.52,0.38,0.47,0.43,0.42,0.5
1,1,1,1,1,2,2,3,7,7,7,7,7,7,3,3,3,3,3,3,3,3,3,3,3,3,3,3,3,3,3,3,3,3,3,3,3,3,3,3,3,3,3,3,3,3,3,3,3,3,3,3,3,3,3,3,3,3,3,3,3,3,3,3,3,3,3,3,3,3,3,3,3,3,3,3,3,3,3,3,3,3,3,3,3,3,3,3,3,3,3,3,3,3,3,3,3,3,3,3,3,3,3,3,3,3,3,3,3,3,3,3,3,3,3,3,3,3,3,3,3,3,3,3,3,3,3,3,3,3,3,3,3,3
27,42,55,55,27,46,25,39,14,19,20,23,24,03,00,00,01,01,02,02,03,03,04,04,05,05,06,06,07,07,08,08,09,09,10,10,11,11,12,12,13,13,14,14,15,15,16,16,17,17,18,18,19,19,20,20,21,21,22,22,23,23,24,24,25,25,26,26,27,27,28,28,29,29,30,30,31,31,32,32,33,33,34,34,35,35,36,36,37,37,38,38,39,39,40,40,41,41,42,42,43,43,44,44,45,45,46,46,47,47,48,48,49,49,50,50,51,51,52,52,53,53,54,54,55,55,56,56,57,57,58,58,59,59
0.05,0.03,0.05,0.13,0.07,12.58,2.78,0.5,0.35,0.2,0.47,0.27,0.42,0.2,0.47,0.43,0.47,0.43,0.57,0.32,0.57,0.32,0.52,0.37,0.47,0.43,0.52,0.37,0.47,0.43,0.57,0.32,0.57,0.33,0.47,0.37,0.47,0.5,0.52,0.32,0.52,0.38,0.42,0.5,0.47,0.43,0.47,0.43,0.52,0.38,0.52,0.38,0.42,0.48,0.47,0.43,0.47,0.43,0.47,0.43,0.47,0.37,0.47,0.45,0.47,0.43,0.57,0.32,0.47,0.43,0.47,0.43,0.47,0.43,0.57,0.32,0.57,0.33,0.47,0.38,0.42,0.48,0.52,0.37,0.47,0.42,0.52,0.37,0.52,0.38,0.52,0.38,0.42,0.5,0.42,0.43,0.47,0.43,0.57,0.32,0.52,0.38,0.47,0.43,0.47,0.45,0.57,0.32,0.47,0.38,0.47,0.43,0.52,0.38,0.42,0.48,0.42,0.48,0.52,0.37,0.47,0.43,0.42,0.45,0.42,0.48,0.52,0.38,0.47,0.43,0.57,0.32,0.42,0.48
1,1,1,1,2,2,2,3,3,3,3,3,3,3,3,3,3,3,3,3,3,3,3,3,3,3,3,3,3,3,3,3,3,3,3,7,7,7,7,7,3,3,3,3,3,3,3,3,3,3,3,3,3,3,3,3,3,3,3,3,3,3,3,3,3,3,3,3,3,3,3,3,3,3,3,3,3,3,3,3,3,3,3,3,3,3,3,3,3,3,3,3,3,3,3,3,3,3,3,3,3,3,3,3,3,3,3,3,3,3,3,3,3,3,3,3,3,3,3,3,3,3,3,3,3,3,3,3,3,3,3,3,3,3,3,3,3,3,3,3,3,3,3,3,3,3,3,3,3,3,3,3,3,3,3,3,3,3,3,3
42,55,55,02,28,58,59,40,40,41,41,42,43,44,44,45,46,47,47,48,48,49,49,50,51,51,52,52,53,53,54,54,55,55,04,04,08,11,12,42,00,00,01,01,02,02,03,03,04,04,05,05,06,06,07,07,08,08,09,09,10,10,11,11,12,12,13,13,14,14,15,15,16,16,17,17,18,18,19,19,20,20,21,21,22,22,23,23,24,24,25,25,26,26,27,27,28,28,29,29,30,30,31,31,32,32,33,33,34,34,35,35,36,36,37,37,38,38,39,39,40,40,41,41,42,42,43,43,44,44,45,45,46,46,47,47,48,48,49,49,50,50,51,51,52,52,53,53,54,54,55,55,56,56,57,57,58,58,59,59
0.03,0.05,0.12,0.08,11.63,0.07,1.1,0.25,0.52,0.37,0.52,0.27,0.28,0.27,0.28,0.52,0.37,0.22,0.52,0.38,0.47,0.28,0.52,0.23,0.27,0.47,0.23,0.23,0.12,0.38,0.38,0.12,0.17,0.23,0.2,0.42,0.45,0.25,0.4,0.47,0.52,0.38,0.47,0.4,0.47,0.43,0.57,0.32,0.52,0.38,0.47,0.43,0.52,0.38,0.52,0.37,0.52,0.38,0.42,0.5,0.47,0.38,0.52,0.38,0.47,0.43,0.47,0.42,0.47,0.43,0.52,0.38,0.47,0.43,0.47,0.38,0.47,0.43,0.47,0.45,0.42,0.48,0.57,0.32,0.57,0.32,0.47,0.45,0.52,0.4,0.47,0.38,0.42,0.5,0.47,0.45,0.37,0.5,0.47,0.45,0.52,0.38,0.47,0.43,0.52,0.38,0.42,0.43,0.47,0.45,0.47,0.43,0.52,0.37,0.52,0.37,0.52,0.38,0.52,0.4,0.47,0.37,0.52,0.38,0.47,0.43,0.47,0.43,0.42,0.48,0.52,0.37,0.52,0.38,0.47,0.43,0.42,0.48,0.47,0.43,0.42,0.48,0.52,0.37,0.52,0.33,0.47,0.43,0.57,0.33,0.52,0.38,0.52,0.38,0.42,0.5,0.52,0.37,0.47,0.43
1,1,1,1,1,1,1,1,1,1,1,1,1,1,1,1,1,1,1,1,1,1,1,1,1,1,1,1,1,1,1,1,1,1,1,1,1,1,1,1,1,1,1,1,1,1,1,1,1,1,1,1,1,1,1,2,2,3,3,3,3,3,3,3,3,3,3,3,3,3,3,3,3,3,3,3,3,3,3,3,3,3,3,3,3,3,3,3,3,3,3,3,3,3,3,3,3,3,3,3,3,3,3,3,3,3,3,3,3,3,3,7,7,7,7,7,7,3,3,3,3,3,3,3,3,3,3,3,3,3,3,3,3,3,3,3,3,3,3,3,3,3,3,3,3,3,3,3,3,3,3,3,3,3,3,3,3,3,3,3,3,3,3,3,3,3,3,3,3,3,3,3,3,3,3,3,3,3,3,3,3,3,3,3,3,3,3,3,3,3,3,3,3,3,3,3,3,3,3,3,3,3,3,3,3,3,3,3,3,3,3,3,3,3,3,3,3,3,3,3,3,3,3,3,3,3,3,3,3,3,3,3,3,3,3,3,3
02,02,10,12,15,16,18,20,21,21,21,21,22,22,23,23,23,24,25,25,25,25,26,28,29,29,29,30,30,30,30,31,31,31,32,32,33,49,49,50,50,50,50,50,51,51,51,51,51,51,51,51,52,52,42,00,07,04,04,05,05,06,06,07,07,07,08,08,09,09,09,10,10,11,11,12,12,13,13,14,14,15,15,16,16,17,17,18,18,19,19,20,20,21,21,22,22,23,23,24,24,25,25,26,31,36,53,53,54,54,03,42,48,48,52,52,32,00,00,01,01,02,02,03,03,04,04,05,05,06,06,07,07,08,08,09,09,10,10,11,11,12,12,13,13,14,14,15,15,16,16,17,17,18,18,19,19,20,20,21,21,22,22,23,23,24,24,25,25,26,26,27,27,28,28,29,29,30,30,31,31,32,32,33,33,34,34,35,35,36,36,37,37,38,38,39,39,40,40,41,41,42,42,43,43,44,44,45,45,46,46,47,47,48,48,49,49,50,50,51,51,52,52,53,53,54,54,55,55,56,56,57,57,58,58,59,59
0.12,0.05,0.05,0.08,0.18,0.03,0.08,0.08,0.05,0.05,0.05,0.3,0.35,0.03,0.05,0.03,0.03,0.87,0.03,0.17,0.05,0.05,0.05,0.03,0.07,0.03,0.08,0.03,0.03,0.03,0.03,0.05,0.03,0.2,0.42,0.03,0.07,0.05,0.03,0.07,0.03,0.07,0.03,0.33,0.28,0.05,0.03,0.03,0.05,0.05,0.05,0.13,0.03,0.03,12.8,0.17,0.13,0.17,0.22,0.22,0.12,0.33,0.37,0.3,0.12,0.52,0.27,0.52,0.23,0.17,0.47,0.2,0.57,0.32,0.52,0.38,0.47,0.43,0.47,0.43,0.47,0.43,0.52,0.38,0.47,0.43,0.47,0.23,0.47,0.43,0.47,0.43,0.47,0.43,0.47,0.45,0.47,0.43,0.47,0.43,0.47,0.43,0.52,0.37,0.12,0.12,0.23,0.12,0.23,0.12,0.12,0.17,0.42,0.2,0.47,0.25,0.52,0.47,0.42,0.47,0.37,0.47,0.43,0.42,0.5,0.42,0.48,0.47,0.43,0.47,0.38,0.47,0.43,0.47,0.43,0.57,0.33,0.47,0.43,0.47,0.43,0.42,0.48,0.57,0.33,0.57,0.33,0.47,0.38,0.47,0.42,0.47,0.43,0.47,0.43,0.57,0.32,0.47,0.43,0.42,0.48,0.57,0.32,0.57,0.32,0.52,0.38,0.52,0.4,0.47,0.38,0.42,0.48,0.52,0.37,0.52,0.38,0.47,0.45,0.37,0.5,0.52,0.38,0.47,0.42,0.47,0.38,0.47,0.45,0.32,0.47,0.57,0.32,0.42,0.5,0.52,0.38,0.47,0.45,0.42,0.5,0.47,0.38,0.52,0.38,0.47,0.43,0.47,0.43,0.52,0.38,0.52,0.38,0.47,0.43,0.47,0.43,0.47,0.43,0.47,0.43,0.47,0.43,0.47,0.38,0.47,0.43,0.52,0.38,0.47,0.45,0.42,0.5,0.47,0.43,0.52,0.38
1,2,2,2,2,3,3,3,3,3,3,3,3,3,3,3,7,7,7,7,3,3,3,3,3,3,3,3,3,3,3,3,3,3,3,3,3,3,3,3,3,3,3,3,3,3,3,3,3,3,3,3,3,3,3,3,3,3,3,3,3,3,3,3,3,3,3,3,3,3,3,3,3,3,3,3,3,3,3,3,3,3,3,3,3,3,3,3,3,3,3,3,3,3,3,3,3,3,3,3,3,3,3,3,3,3,3,3,3,3,3,3,3,3,3,3,3,3,3,3,3,3,3,3,3,3,3,3,3,3,3,3,3,3,3,3,3,3,3,3
04,08,14,51,31,30,31,31,36,36,37,37,39,40,41,46,36,40,40,09,00,00,01,01,02,02,03,03,04,04,05,05,06,06,07,07,08,08,09,09,10,10,11,11,12,12,13,13,14,14,15,15,16,16,17,17,18,18,19,19,20,20,21,21,22,22,23,23,24,24,25,25,26,26,27,27,28,28,29,29,30,30,31,31,32,32,33,33,34,34,35,35,36,36,37,37,38,38,39,39,40,40,41,41,42,42,43,43,44,44,45,45,46,46,47,47,48,48,49,49,50,50,51,51,52,52,53,53,54,54,55,55,56,56,57,57,58,58,59,59
2.45,0.3,0.77,0.87,0.77,0.17,0.32,0.18,0.12,0.12,0.22,0.23,0.12,0.12,0.13,0.12,0.57,0.42,0.28,0.47,0.52,0.38,0.52,0.38,0.52,0.37,0.42,0.48,0.42,0.42,0.52,0.38,0.37,0.55,0.47,0.38,0.47,0.43,0.47,0.43,0.47,0.43,0.47,0.43,0.57,0.32,0.52,0.38,0.47,0.38,0.47,0.43,0.52,0.38,0.52,0.38,0.42,0.48,0.47,0.43,0.57,0.32,0.52,0.32,0.47,0.43,0.47,0.43,0.47,0.43,0.52,0.38,0.42,0.48,0.47,0.43,0.52,0.38,0.42,0.43,0.47,0.43,0.52,0.38,0.47,0.43,0.52,0.38,0.47,0.38,0.52,0.38,0.47,0.43,0.42,0.48,0.52,0.38,0.52,0.33,0.42,0.5,0.47,0.43,0.52,0.37,0.52,0.38,0.47,0.43,0.57,0.32,0.52,0.33,0.42,0.5,0.52,0.38,0.42,0.48,0.52,0.37,0.52,0.38,0.47,0.4,0.42,0.5,0.47,0.43,0.57,0.32,0.52,0.38,0.52,0.38,0.47,0.42,0.52,0.38
1,1,1,1,1,1,2,3,3,7,7,7,7,7,7
06,56,58,58,58,02,10,47,58,15,19,19,59,59,03
31.17,0.03,0.03,0.03,0.03,0.25,0.72,0.1,0.23,0.52,0.42,0.17,0.37,0.18,0.52
1,1,1,1,1,1,1,1,1,1,1,1,1,1,1,1,1,2,2,2,3
02,03,03,04,04,20,22,22,22,23,23,24,24,24,37,40,45,10,51,29,33
0.2,0.07,0.05,0.05,0.03,0.07,0.03,0.03,0.07,0.03,0.35,0.07,0.22,0.8,0.75,4.4,19.63,0.05,0.78,0.83,0.47
1,2,2,3,3,3,3,3,3,3,3,3,3,3,3,3,3,3,3,3,3,3,3,3,3,3,3,3,3,3,3,3,3,3,3,3
16,30,12,34,34,35,35,36,36,37,37,38,38,39,39,40,40,41,41,41,42,42,43,43,43,44,45,45,56,57,57,58,58,59,59,59
0.2,0.05,0.77,0.38,0.52,0.38,0.47,0.43,0.42,0.5,0.52,0.37,0.52,0.38,0.52,0.27,0.47,0.43,0.33,0.55,0.12,0.42,0.27,0.28,0.6,0.57,0.22,0.52,0.52,0.32,0.57,0.33,0.47,0.23,0.28,0.6
1,1,1,1,1,1,1,1,1,1,1,1,1,1,1,1,1,1,1,1,2,3,3,3,3,3,3,3,3,3,3,3,3,3,3,3,3,3,3,3,3
29,29,30,30,30,31,31,31,31,33,38,39,42,42,42,43,50,54,56,06,19,00,01,01,02,02,03,03,04,04,05,05,06,06,07,07,08,08,09,09,14
0.07,0.1,0.03,0.22,0.03,0.13,0.03,0.03,0.03,0.1,0.03,0.05,0.03,0.1,0.08,0.05,0.03,0.05,0.25,0.12,2.17,0.57,0.22,0.47,0.38,0.47,0.43,0.47,0.43,0.57,0.33,0.47,0.45,0.52,0.38,0.52,0.38,0.52,0.2,0.17,0.12
1,1,1,1,1,1,1,1,2,2,2,2,2,3,3,3,3,3,3,3,3,3,3,3,3,3,3,3,3,3,3,3,3,3,3,3,3,3,3,3,3,3,3
07,09,09,09,14,42,54,14,21,21,22,22,53,30,30,30,31,32,32,33,33,34,34,35,35,36,36,36,37,38,38,39,39,39,40,40,41,41,41,42,42,43,00
0.08,0.07,0.03,0.07,27.1,0.15,3.0,0.03,0.03,0.07,0.03,8.32,7.55,0.48,0.35,0.55,0.52,0.38,0.47,0.17,0.57,0.22,0.4,0.43,0.3,0.48,0.22,0.52,0.47,0.12,0.52,0.23,0.12,0.47,0.2,0.57,0.32,0.33,0.55,0.23,0.17,0.28,0.2
1,1,1,1,1,1,1,1,1,1,1,1,1,1,1,1,1,1,1,1,1,2,2,2,2,2,2,2,2,2,2,3,3,3,3,3,3,3,3,3,3,3,3,3,3,3,3,3,3,3,3,3,3,3,3,3,3,3,3,3,3,3,3,3,3,3,3,3,3,3,3,3,3,3,3,3,3,3,3,3,3,3,3
31,32,34,38,40,42,43,44,45,49,50,51,51,52,52,53,54,54,55,55,04,32,49,49,49,50,50,50,50,50,51,00,01,01,01,02,03,03,04,04,05,05,06,06,07,07,07,08,09,09,10,10,10,11,12,12,13,32,32,33,33,34,34,35,35,36,36,37,37,38,38,39,39,40,40,41,41,42,42,43,43,44,03
1.0,0.03,3.77,1.83,1.87,1.57,0.32,0.28,3.98,0.48,0.22,0.25,0.52,0.3,0.45,0.35,0.48,0.18,0.2,0.27,0.13,0.85,0.03,0.03,0.05,0.07,0.08,0.07,0.03,0.45,25.68,0.47,0.43,0.28,0.55,0.52,0.38,0.47,0.45,0.52,0.38,0.42,0.5,0.47,0.23,0.35,0.55,0.57,0.33,0.47,0.38,0.28,0.6,0.47,0.3,0.47,2.97,0.32,0.52,0.38,0.52,0.37,0.52,0.37,0.52,0.37,0.52,0.38,0.47,0.38,0.52,0.38,0.52,0.42,0.57,0.32,0.52,0.37,0.57,0.33,0.52,0.33,0.52
1,1,1,1,1,1,1,2,2,3,3,3,3,3,3,3,3,3,3,3,3,3,3,3,3,3,3,3,3,3,3,3,3,3,3,3,3,3,3,3,3,3,3,3,3,3,3,3,3,3,3,3,3,3,3,3,3,3,3
04,05,05,06,06,18,03,31,27,03,04,04,05,05,06,06,07,07,08,08,09,09,10,10,11,11,12,12,13,13,14,14,15,35,36,36,37,37,38,38,39,39,40,40,41,41,42,42,43,43,44,44,45,45,46,46,47,47,09
0.47,0.48,0.4,0.37,10.88,11.3,1.8,5.82,0.2,0.52,0.37,0.52,0.37,0.57,0.32,0.52,0.38,0.52,0.38,0.52,0.37,0.52,0.37,0.57,0.32,0.42,0.48,0.47,0.43,0.57,0.33,0.52,0.33,0.52,0.38,0.47,0.43,0.47,0.43,0.52,0.38,0.52,0.38,0.52,0.38,0.47,0.43,0.47,0.43,0.47,0.43,0.42,0.5,0.47,0.43,0.47,0.43,0.5,0.32
1,1,1,1,1,1,1,1,1,1,1,1,1,1,1,1,1,1,1,1,1,1,1,1,1,1,1,1,1,1,1,1,1,1,1,1,1,1,1,1,1,1,2,2,2,2,2,3,3,3,3,3
05,08,08,08,08,09,09,09,09,10,10,10,12,13,13,13,13,14,14,14,14,14,14,14,15,15,15,15,15,15,15,16,17,17,18,18,27,28,28,28,29,08,30,33,34,37,52,09,10,10,11,44
3.12,0.22,0.12,0.05,0.03,0.08,0.37,0.17,0.1,0.08,0.17,2.42,0.08,0.17,0.07,0.05,0.03,0.03,0.05,0.08,0.05,0.08,0.3,0.07,0.18,0.07,0.05,0.2,0.05,0.07,0.9,0.08,0.52,0.43,0.6,9.08,0.13,0.15,0.13,0.58,21.13,0.05,0.82,0.48,0.75,0.63,10.9,0.57,0.32,0.52,0.12,0.12
1,1,1,1,1,1,1,1,1,1,1,1,1,1,1,1,1,1,1,1,1,1,1,1,1,1,1,1,1,1,1,2,2,3
08,09,09,09,09,10,10,10,11,11,11,11,26,26,27,27,27,27,28,28,28,29,29,29,29,29,30,30,30,30,31,30,08,07
0.47,0.1,0.03,0.05,0.38,0.05,0.37,0.32,0.07,0.1,0.18,0.08,0.15,0.18,0.03,0.03,0.27,0.08,0.17,0.03,0.18,0.05,0.05,0.05,0.27,0.03,0.2,0.12,0.08,0.52,173.45,11.05,35.78,0.18
1,1,1,1,1,1,1,1,1,1,1,1,1,1,1,1,1,1,2,2,2,3,3,3,3,3,3
24,26,29,31,33,35,37,39,41,42,42,44,45,46,46,47,47,48,46,47,49,07,07,08,11,59,00
0.75,2.73,2.07,1.87,1.9,1.88,1.92,1.65,0.55,0.45,1.55,0.33,0.3,0.2,0.25,0.2,0.18,40.28,1.17,2.08,12.58,0.12,0.22,0.12,0.2,0.17,0.12
1,1,1,1,1,1,1,1,2,2,2,2,3,3,3,3,3,3,3,3,3,3,3
40,46,48,50,52,54,56,59,12,26,38,58,02,02,03,03,04,08,08,08,09,09,23
4.82,1.4,1.47,0.23,0.98,1.15,1.18,1.18,13.8,6.72,20.23,37.43,0.38,0.35,0.22,0.42,0.23,0.1,0.17,0.12,0.48,0.47,0.12
1,1,1,1,1,1,1,1,1,1,1,1,1,1,1,1,1,1,1,1,2,2,2,3
01,03,06,08,10,12,14,16,19,21,23,28,28,29,42,50,52,54,54,55,36,36,14,26
1.17,1.15,1.27,1.2,0.15,1.07,1.18,1.17,1.25,1.18,4.17,0.08,1.18,13.23,7.43,0.75,0.38,0.22,0.28,27.85,0.35,11.53,11.73,0.18
1,2,3
08,56,04
0.05,8.08,0.12
1,1,1,1,1,1,1,1,1,1,1,1,1,1,1,1,1,1,1,1,1,1,1,1,1,1,1,1,1,1,1,1,1,1,1,1,1,1,1,1,1,1,1,1,1,1,1,2,2,3
08,09,09,09,09,09,10,10,11,11,11,12,12,15,15,15,21,22,22,23,23,24,24,24,25,25,25,26,26,26,26,26,26,26,27,27,28,28,28,29,29,30,30,31,32,43,55,22,22,49
0.08,0.03,0.05,0.1,0.15,1.18,0.05,0.12,0.28,0.15,0.1,0.03,0.13,0.03,0.18,0.08,0.03,0.05,0.03,0.28,0.88,0.13,0.03,0.07,0.38,0.37,0.08,0.07,0.05,0.03,0.05,0.08,0.08,0.12,0.03,0.13,0.15,0.03,0.05,0.03,0.63,0.27,0.3,0.75,11.25,12.5,22.15,1.78,7.85,0.37
1,2,2,2,3,3,3,3,3,3
18,30,34,54,49,49,51,52,52,25
61.8,4.68,6.17,15.98,0.35,0.12,0.12,0.12,0.12,0.52
1,1,1,1,1,1,1,1,1,1,1,1,1,1,1,1,2,2,2,2,2,2,2,2,2,2,3,3,3,3,3,3,3,3,3,3,3,3,3,3,3,3,3,3,3,3,3,3,3,3,3,3,3,3,3,3,3,3,3,3,3,3,3,3,3,3,3,3,3,3
21,21,21,22,23,23,24,24,25,25,25,25,26,26,26,27,10,13,16,44,52,52,52,52,53,29,25,26,26,27,27,27,28,28,29,29,30,30,31,31,33,33,34,35,35,36,36,37,37,38,38,39,39,39,40,40,41,41,41,42,42,43,43,44,44,45,45,46,46,00
0.05,0.03,0.03,0.03,0.03,0.22,0.03,0.2,0.03,0.05,0.05,0.03,0.03,0.15,0.23,102.65,0.13,0.37,0.6,7.37,0.13,0.13,0.05,0.05,0.07,0.97,0.38,0.52,0.38,0.52,0.33,0.47,0.43,0.42,0.48,0.57,0.32,0.47,0.43,0.17,0.32,0.47,0.43,0.57,0.32,0.47,0.43,0.42,0.28,0.13,0.27,0.47,0.38,0.47,0.43,0.47,0.17,0.2,0.42,0.48,0.52,0.38,0.52,0.38,0.47,0.43,0.42,0.48,0.23,0.47
1,1,1,1,1,1,1,1,1,1,1,1,1,1,1,1,1,1,1,1,1,1,1,1,2,3,3,3,3,3,3,3,3,3,3,3,3,3,3,3,3,3,3,3,3,3,3,3,3,3,3,3,3,3,3,3,3,3,3,3,3,3,3,3,3,3,3,3,3,3,3
10,10,10,10,11,11,11,11,11,11,12,12,12,12,12,12,24,51,52,52,52,55,55,32,05,01,01,02,02,03,03,04,04,05,05,06,06,07,08,08,09,09,09,10,10,28,28,29,29,30,30,31,31,32,32,33,33,34,34,35,35,36,36,37,37,38,57,58,58,59,59
0.05,0.03,0.03,0.05,0.07,0.03,0.07,0.03,0.07,0.05,0.08,0.03,0.08,0.07,0.03,4.63,5.62,0.03,0.03,0.03,0.03,0.1,0.1,0.17,0.8,0.43,0.52,0.38,0.47,0.43,0.52,0.38,0.47,0.43,0.52,0.38,0.47,0.43,0.47,0.43,0.47,0.38,0.52,0.38,0.45,0.47,0.32,0.52,0.38,0.42,0.5,0.42,0.48,0.52,0.37,0.57,0.32,0.57,0.33,0.42,0.5,0.47,0.38,0.47,0.45,0.17,0.45,0.52,0.38,0.47,0.43
1,1,1,1,1,1,1,1,1,2,2,3,3,3,3,3,3,3,3,3,3,3,3,3,3,3,3,3,3,3
32,38,38,42,42,55,55,55,11,41,17,00,00,01,01,02,03,03,04,04,05,05,06,06,06,07,07,08,08,06
0.35,0.03,0.05,0.25,10.57,0.03,0.07,0.05,0.08,0.77,0.75,0.47,0.43,0.52,0.48,0.52,0.38,0.43,0.57,0.32,0.52,0.38,0.47,0.17,0.2,0.47,0.43,0.47,0.23,0.12
1,1,1,1,1,1,1,1,2,2,3,3,3,3,3
13,14,26,27,42,59,59,59,54,31,41,41,44,44,45
0.07,0.07,0.07,0.05,0.13,0.05,0.32,0.32,0.82,0.72,0.12,0.12,0.32,0.57,18.98
1,1,1,1,2,2,3,3,3,3,3,3,3,3,3,3,3,3,3,3,3,3,3,3,3,3,3,3,3,3,3,3,3,3,3,3,3,3,3,3,3,3,3,3,3,3,3,3,3,3,3,3,3,3,3,3,3,3,3,3,3,3,3
00,01,27,06,32,09,13,14,14,14,15,15,16,16,17,17,18,18,19,19,20,20,21,21,22,22,23,23,24,24,25,25,26,36,37,37,38,38,39,39,40,40,41,41,42,42,43,43,44,46,46,47,47,48,48,49,50,50,50,51,52,54,12
0.4,0.12,0.07,0.07,0.05,0.73,0.17,0.17,0.25,0.52,0.37,0.52,0.38,0.47,0.43,0.57,0.32,0.52,0.37,0.52,0.37,0.47,0.42,0.47,0.43,0.47,0.43,0.57,0.33,0.47,0.43,0.47,0.43,0.47,0.4,0.42,0.45,0.42,0.32,0.47,0.45,0.47,0.32,0.42,0.37,0.57,0.38,0.42,0.17,0.1,0.12,0.27,0.52,0.27,0.35,0.17,0.12,0.2,0.17,0.18,0.1,0.1,0.1
1,1,1,1,2,2,3,3,3,3,3,3,3,3,3,3,3,3,3,3,3,3,3,3,3,3,3,3,3,3,3,3,3,3,3,3,3,3,3,3,3,3,3,3,3,3,3,3,3,3,3,3,3,3,3,3,3,3,3,3
08,09,28,37,44,01,14,14,15,15,16,16,17,17,18,18,19,19,20,20,21,21,22,22,23,23,24,24,25,25,26,35,43,43,44,44,45,45,46,46,47,47,48,48,49,49,50,50,51,51,52,52,53,53,54,54,55,59,59,01
0.03,19.62,26.47,0.07,4.75,3.6,0.13,0.18,0.43,0.57,0.32,0.57,0.32,0.52,0.38,0.52,0.38,0.52,0.37,0.47,0.43,0.52,0.38,0.47,0.43,0.47,0.43,0.47,0.43,0.52,0.32,0.13,0.37,0.57,0.32,0.52,0.38,0.52,0.38,0.47,0.43,0.47,0.43,0.52,0.37,0.52,0.37,0.52,0.38,0.47,0.43,0.57,0.32,0.52,0.22,0.52,0.12,0.12,0.12,0.12
1,2,2,2,2,3,3,3,3,3,3,3,3,3,3,3,3,3,3,3,3,3,3,3,3,3,3,3,3,3,3,3,3,3,3,3,3,3,3,3,3,3,3,3,3,3,3,3,3,3,3,3,3,3,3,3,3,3,3,3
04,12,13,37,58,01,04,04,05,22,22,23,23,24,24,25,25,26,26,27,27,28,28,29,29,30,30,30,31,32,32,33,33,34,34,35,35,36,36,36,37,37,38,38,39,39,39,40,41,54,55,55,56,56,57,57,58,58,59,59
0.08,0.83,0.05,8.87,9.43,0.12,0.25,0.57,0.32,0.33,0.52,0.37,0.52,0.37,0.57,0.33,0.52,0.23,0.57,0.38,0.47,0.43,0.47,0.43,0.47,0.43,0.33,0.55,0.47,0.43,0.47,0.43,0.62,0.27,0.42,0.48,0.52,0.38,0.23,0.32,0.18,0.18,0.12,0.13,0.13,0.18,0.12,0.22,0.12,0.52,0.45,0.47,0.43,0.42,0.48,0.57,0.32,0.47,0.32,0.47
1,1,2,2,2,2,2,2,2,2,3,3,3,3,3,3,3,3,3,3,3,3,3,3,3,3,3,3,3,3
10,01,10,13,16,16,17,18,48,23,00,00,05,25,26,26,31,31,32,32,33,33,34,34,35,36,36,51,51,43
37.32,34.77,0.48,3.33,0.43,0.17,1.47,4.0,0.52,0.6,0.43,0.33,0.12,0.52,0.43,0.33,0.42,0.5,0.37,0.3,0.32,0.42,0.37,0.42,0.42,0.45,0.12,0.3,0.12,0.4
1,1,1,1,1,1,1,1,1,1,1,1,1,1,1,2,2,2,3,3,3,3,3,3,3,3,3,3,3,3,3,3,3,3,3,3,3,3,3,3,3,3,3,3,3,3
36,37,38,38,39,39,39,40,40,43,49,50,51,51,04,58,59,11,43,45,46,46,47,47,48,48,49,49,50,50,50,51,51,52,52,53,53,54,55,55,55,56,57,58,59,59
0.08,1.12,0.73,0.22,0.53,0.17,0.53,0.08,3.32,5.12,1.6,0.38,0.12,3.05,8.57,0.62,0.05,0.73,0.22,0.52,0.12,0.12,0.2,0.23,0.3,0.47,0.43,0.52,0.38,0.12,0.45,0.22,0.42,0.48,0.12,0.18,0.12,0.28,0.37,0.17,0.13,0.27,0.22,0.42,0.5,0.47
1,1,2,2,3,3,3,3,3,3,3,3,3,3,3,3,3,3,3,3,3,3,3,3,3,3,3,3,3,3,3,3,3,3,3,3,3,3,3,3,3,3,3
12,07,48,25,00,00,01,01,05,08,08,12,12,15,21,23,23,23,24,24,25,26,26,26,27,27,27,28,29,29,30,31,31,31,32,35,36,39,39,39,42,43,29
43.67,11.02,0.82,0.72,0.38,0.47,0.43,0.4,0.27,0.2,0.12,0.12,0.22,0.22,0.47,0.43,0.35,0.28,0.17,0.52,0.52,0.28,0.17,0.35,0.2,0.22,0.47,0.42,0.48,0.4,0.12,0.1,0.17,0.4,0.12,0.12,0.12,0.17,0.12,0.1,0.12,0.18,0.12
1,2,3,3,3,3,3,3,3,3,3,3,3
52,02,37,38,38,38,54,54,55,55,56,59,59
6.08,0.95,0.23,0.33,0.17,0.13,0.37,0.52,0.38,0.47,0.17,0.27,0.52
1,2,2,2,2,2,3,3,3,3,3,3
38,04,04,05,40,13,00,01,02,03,04,26
0.17,0.08,0.25,0.12,0.67,0.73,0.12,0.52,0.37,0.47,0.4,0.23
1,1,2,2,2,3,3,3,3
48,27,14,48,31,27,31,40,23
7.95,0.07,0.03,10.6,10.77,0.18,0.33,0.1,0.12
1,1,1,1,1,2,3
29,29,30,30,10,05,00
0.3,0.32,0.37,0.08,0.3,10.42,0.12
1,1,1,1,1,1,1,1,1,1,1,1,1,1,1,1,1,2,2,3,3,3
11,11,21,21,22,22,22,23,23,23,23,23,23,23,27,28,01,41,00,00,01,00
0.17,10.27,0.08,0.1,0.05,0.6,0.13,0.05,0.03,0.05,0.05,0.07,0.3,0.18,0.63,0.4,0.63,2.48,4.12,0.13,0.23,0.52
1,1,2,2,2,2,2,2,2,2,2,2,3,3,3,3,3,3,3,3,3,3,3,3,3,3,3,3,3,3,3,3,3,3,3,3,3,3,3,3,3,3,3,3,3,3,3,3,3,3,3,3,3,3
02,45,05,06,12,25,51,58,58,59,59,36,01,01,03,03,04,04,05,06,06,07,20,21,23,23,24,24,25,25,26,26,27,27,28,28,29,29,30,30,31,31,32,32,33,33,54,54,55,55,56,56,56,37
0.42,0.63,0.53,1.63,1.33,0.03,7.67,0.08,0.23,0.05,0.05,0.92,0.43,0.57,0.55,0.47,0.43,0.35,0.52,0.27,0.47,0.12,0.28,0.12,0.18,0.52,0.37,0.52,0.38,0.47,0.43,0.47,0.43,0.52,0.32,0.47,0.43,0.52,0.38,0.47,0.43,0.57,0.32,0.52,0.37,0.57,0.5,0.47,0.43,0.42,0.48,0.22,0.65,0.18
1,1,2,3,3,3,3,3,3,3,3,3,3,3,3,3,3,3,3,3,3,3,3,3,3,3,3,3,3,3,3,3,3,3,3,3,3,3,3,3,3,3
46,29,11,37,38,39,39,40,40,41,41,42,42,43,43,44,44,45,45,46,46,47,47,48,48,52,52,53,53,54,54,55,55,55,56,56,57,57,58,58,59,59
0.42,4.2,0.77,0.25,0.57,0.32,0.52,0.37,0.57,0.22,0.42,0.48,0.57,0.32,0.57,0.32,0.52,0.38,0.52,0.38,0.52,0.37,0.4,0.38,0.12,0.32,0.47,0.4,0.47,0.4,0.42,0.37,0.37,0.32,0.2,0.42,0.32,0.47,0.45,0.42,0.32,0.47
1,1,1,1,1,1,1,1,1,1,1,1,1,1,1,1,2,3,3,3,3,3,3,3,3,3,3,3,3,3,3,3,3,3,3,3,3,3,3,3,3,3,3,3,3,3,3,3,3,3,3,3,3,3
33,34,44,46,51,51,51,52,52,52,52,52,55,56,58,26,59,00,00,01,01,02,02,05,06,07,17,18,18,19,19,20,20,21,21,22,22,23,23,24,24,25,25,26,26,27,27,28,28,29,29,30,30,20
0.5,9.57,2.27,4.75,0.07,0.03,0.32,0.05,0.03,0.03,0.08,2.15,0.63,0.63,0.42,0.62,1.05,0.45,0.42,0.32,0.47,0.48,0.12,0.12,0.52,0.52,0.47,0.43,0.52,0.38,0.52,0.37,0.52,0.38,0.52,0.38,0.47,0.43,0.47,0.43,0.47,0.43,0.47,0.43,0.52,0.38,0.47,0.43,0.57,0.32,0.52,0.37,0.12,0.17
1,1,2,2,2,2,2,2,2,2,3,3,3,3,3,3,3,3,3,3,3,3,3,3,3
27,59,01,05,08,11,15,47,48,05,20,21,21,22,22,23,23,24,24,25,25,26,26,28,23
0.42,0.62,1.8,2.0,2.42,2.57,2.83,0.52,5.2,0.25,0.42,0.27,0.52,0.38,0.52,0.38,0.47,0.43,0.47,0.43,0.47,0.43,0.23,0.17,0.55
1,1,1,1,1,1,2,3,3,3,3,3,3,3,3,3
00,35,37,52,59,00,48,41,41,41,44,47,50,52,55,04
0.4,0.63,0.42,7.42,0.22,0.05,0.08,0.12,0.12,0.12,0.12,0.12,0.12,0.1,0.23,0.12
1,1,1,1,1,1,1,1,1,1,1,1,1,1,1,1,1,1,1,1,1,1,1,1,1,1,1,1,1,1,1,1,1,1,1,1,1,1,1,1,1,1,1,1,1,1,1,1,1,1,1,1,1,1,1,1,1,1,1,1,1,1,1,1,1,1,1,1,1,1,1,1,1,1,1,1,1,1,2,3,3,3,3,3,3,3,3,3,3,3,3,3,3
00,00,00,00,01,01,01,02,02,02,03,03,03,03,03,04,04,05,05,06,07,17,17,18,18,18,19,19,20,20,20,20,20,21,21,21,21,22,22,22,22,22,22,23,23,23,23,23,23,24,24,25,25,25,25,26,26,26,26,26,26,26,27,27,27,27,27,27,27,29,29,29,29,29,29,33,34,06,28,10,10,29,29,30,30,30,31,31,36,43,43,44,48
0.05,0.03,0.05,0.17,0.05,0.03,0.03,0.1,0.03,0.03,0.03,0.03,0.08,0.03,0.07,0.03,0.03,0.05,0.03,0.62,0.42,0.05,0.2,0.08,0.03,0.08,0.05,0.1,0.07,0.03,0.1,0.05,0.12,0.03,0.05,0.03,0.2,0.13,0.12,0.08,0.05,0.15,0.13,0.05,0.07,0.03,0.03,0.1,0.15,0.03,0.1,0.22,0.17,0.03,0.08,0.03,0.05,0.03,0.27,0.2,0.1,0.05,0.07,0.38,0.05,0.08,0.05,0.05,1.18,0.23,0.03,0.08,0.12,0.03,0.35,0.62,0.4,0.63,0.05,0.12,0.18,0.12,0.47,0.48,0.1,0.12,0.55,0.17,0.13,0.2,0.52,0.38,0.12
1,1,1,2,2,3
07,25,33,28,10,05
0.43,13.67,0.08,0.07,1.93,0.2
1,1,2,2,2,2,3,3,3,3,3,3,3,3,3
39,05,12,17,46,49,06,06,07,09,09,09,10,10,00
0.07,0.22,4.38,1.53,0.07,4.77,0.2,0.23,0.52,0.1,0.2,0.42,0.25,0.12,0.32
1,1,1,1,1,1,1,1,2,3,3,3,3,3
06,06,07,09,10,14,15,37,00,13,26,34,35,39
0.22,0.23,0.28,0.08,0.07,1.15,19.58,30.18,0.07,0.12,0.12,0.13,0.12,0.12
1,1,1,1,2,3,3
07,09,20,58,59,44,17
1.98,0.4,14.93,0.58,1.08,0.12,0.42
1,2,2,2,2,2,3,3,3,3,3,3,3,3,3,3,3,3,3,3,3,3,3,3,3,3,3
59,01,02,08,40,40,18,18,19,19,20,20,21,21,22,22,23,23,24,24,25,25,26,26,27,27,46
0.4,0.72,6.4,30.07,0.1,36.05,0.2,0.47,0.43,0.57,0.32,0.57,0.32,0.57,0.33,0.47,0.43,0.47,0.43,0.47,0.43,0.47,0.43,0.57,0.32,0.47,0.43
1,2,2,2,3,3,3,3,3,3,3,3,3,3,3,3,3,3,3,3,3,3,3,3,3
23,26,52,32,46,47,47,47,48,48,48,49,50,50,50,51,54,55,55,56,56,57,57,58,00
0.03,13.42,1.33,1.42,0.47,0.37,0.12,0.23,0.2,0.22,0.47,0.47,0.25,0.12,0.33,0.2,0.47,0.12,0.25,0.32,0.42,0.48,0.57,0.52,0.43
1,1,1,1,1,1,1,1,1,1,1,1,1,1,1,1,1,1,1,1,1,1,1,1,1,2,2,3,3,3,3,3,3,3,3,3,3,3,3,3,3,3,3,3,3,3,3,3,3,3,3,3,3,3,3,3,3,3,3,3,3,3,3,3,3,3,3,3,3,3,3,3,3,3,3,3,3
24,24,25,25,25,25,26,26,27,27,27,27,29,31,35,35,35,36,36,38,39,39,39,40,07,33,13,01,04,18,19,19,20,20,21,21,22,22,23,24,24,25,26,27,27,28,29,30,31,32,33,33,34,34,35,36,36,37,38,39,39,40,41,42,42,43,43,44,45,46,46,48,48,49,49,50,14
0.08,0.18,0.08,0.07,0.1,0.07,0.03,0.03,0.03,0.05,0.05,1.1,2.07,0.38,0.03,0.05,0.07,0.07,0.03,0.1,0.03,0.08,0.05,0.05,0.63,0.05,1.43,0.45,0.22,0.52,0.37,0.47,0.18,0.23,0.35,0.47,0.48,0.22,0.12,0.38,0.52,0.37,0.17,0.58,0.57,0.32,0.52,0.47,0.28,0.17,0.12,0.33,0.48,0.12,0.57,0.32,0.52,0.38,0.47,0.48,0.52,0.37,0.57,0.32,0.52,0.37,0.12,0.57,0.47,0.43,0.35,0.53,0.42,0.48,0.47,0.18,0.52
1,1,2,2,3,3,3,3,3,3,3,3,3,3,3,3,3,3,3,3,3,3,3,3,3,3
08,56,45,07,15,15,16,16,17,17,18,18,19,19,20,20,21,21,22,22,23,23,24,24,25,22
0.42,7.53,11.13,0.77,0.43,0.47,0.43,0.47,0.43,0.57,0.32,0.52,0.37,0.57,0.32,0.52,0.37,0.52,0.38,0.52,0.32,0.57,0.38,0.42,0.23,0.12
1,2,2,2,2,3,3
00,08,18,34,05,22,29
0.07,1.05,2.32,9.87,0.35,0.12,0.47
1,1,2,2,2,2,2,3,3,3,3,3,3,3,3,3,3,3,3,3,3,3,3,3,3
00,56,05,06,29,30,03,30,38,38,39,39,39,40,40,41,41,43,43,43,44,45,46,47,04
0.05,0.63,0.27,4.15,1.23,0.08,1.2,0.48,0.37,0.17,0.12,0.17,0.12,0.17,0.1,0.17,0.17,0.17,0.12,0.1,0.27,0.12,0.12,0.17,0.12
1,1,2,2,3,3,3,3
58,30,35,30,25,32,37,23
0.42,0.07,0.07,19.17,0.3,0.18,0.18,0.12
1,1,2,3
30,46,03,36
0.05,0.63,16.47,0.12
1,1,2,2,2,3,3,3,3,3,3
48,38,35,59,40,36,36,37,46,46,44
0.4,0.23,0.15,0.17,0.07,0.38,0.28,0.13,0.12,0.17,0.2
1,1,1,1,1,1,1,1,2,2,2,3,3,3,3,3,3,3,3,3,3,3,3,3,3,3,3,3,3,3,3,3,3,3,3,3,3
38,39,39,43,47,47,47,01,40,40,17,44,45,45,46,46,47,47,48,49,49,50,50,51,51,52,53,53,54,54,55,55,56,56,57,57,07
0.22,0.2,0.3,0.08,0.18,0.18,0.05,9.58,0.05,0.07,0.07,0.47,0.43,0.47,0.43,0.47,0.43,0.23,0.37,0.32,0.52,0.43,0.57,0.27,0.35,0.37,0.32,0.47,0.45,0.42,0.32,0.47,0.37,0.42,0.32,0.52,0.32
1,1,1,1,1,1,1,2,2,2,3,3,3,3,3,3,3,3,3,3,3,3,3,3,3,3,3,3,3,3,3,3,3,3,3,3,3,3,3,3,3,3,3,3,3,3,3,3,3,3,3,3,3,3,3
11,13,24,36,38,40,54,17,18,10,07,07,09,10,11,11,12,13,13,14,14,14,15,15,15,16,16,17,17,18,18,19,19,20,20,20,21,21,22,22,22,23,23,24,24,25,25,26,26,28,29,30,51,58,46
1.48,0.32,12.23,2.1,0.58,0.15,13.13,0.12,0.03,5.52,0.12,0.12,0.12,0.23,0.12,0.17,0.22,0.55,0.52,0.33,0.12,0.32,0.4,0.23,0.18,0.18,0.42,0.33,0.37,0.32,0.37,0.3,0.37,0.32,0.22,0.42,0.4,0.42,0.25,0.12,0.13,0.37,0.42,0.42,0.3,0.37,0.4,0.1,0.12,0.12,0.17,0.12,0.25,0.12,0.12
1,1,1,1,1,1,2,2,2,2,2,2,2,3
07,08,17,37,38,12,32,41,41,41,42,42,55,25
0.6,0.08,12.43,0.62,0.4,0.63,8.73,0.18,0.07,0.08,0.33,1.52,13.83,0.2
1,1,1,1,2,2,2,2,2,2,2,2,3,3,3,3,3,3,3,3,3,3,3,3,3,3,3,3
13,57,59,41,21,27,28,29,33,37,43,12,25,26,28,29,29,30,30,32,32,32,33,47,48,48,48,30
0.42,0.63,0.43,18.4,5.85,0.67,0.6,4.02,0.18,5.23,1.35,0.07,0.13,0.13,0.42,0.18,0.32,0.2,0.12,0.37,0.2,0.13,0.4,0.42,0.23,0.12,0.12,0.12
1,2,2,3
00,13,48,08
7.08,0.07,0.12,0.12
1,1,1,1,2,2,2,2,2,2,2,2,2,2,2,2,2,2,2,2,2,2,2,2,2,2,2,2,2,2,2,2,2,2,2,2,2,2,2,2,3,3
07,07,08,12,49,49,49,49,49,50,50,50,50,51,51,51,51,52,52,53,53,53,54,54,54,55,55,55,56,56,56,57,57,58,58,58,59,59,59,59,46,24
0.07,0.03,0.03,0.62,0.03,0.03,0.05,0.03,0.05,0.07,0.1,0.03,0.03,0.03,0.07,0.05,0.03,0.27,0.28,0.25,0.23,0.13,0.23,0.25,0.27,0.28,0.28,0.1,0.27,0.27,0.13,0.25,0.25,0.27,0.25,0.25,0.12,0.2,0.07,0.05,0.18,0.18
1,1,2,2,2,2,2,2,2,2,2,2,2,2,2,2,2,2,2,2,2,2,2,2,2,2,2,2,2,2,2,2,2,2,2,2,2,2,2,2,2,2,2,2,2,2,2,2,2,2,2,2,2,2,2,2,2,2,2,2,2,2,2,2,2,2,2,2,2,2,2,2,2,2,2,2,2,2,2,2,2,2,2,2,2,2,2,2,3,3
13,29,00,00,02,02,02,03,03,03,04,04,06,06,06,07,07,07,07,07,07,07,08,08,08,08,08,08,08,08,09,09,09,09,09,09,10,10,10,10,11,11,11,12,12,13,13,15,15,16,16,16,17,17,17,18,18,18,18,18,19,19,20,20,20,21,21,21,21,22,22,22,22,23,23,26,26,27,27,27,28,28,28,29,29,37,37,02,26,59
0.42,9.83,0.23,0.05,0.07,0.13,0.12,0.13,0.47,0.07,0.17,0.08,0.17,0.17,0.25,0.08,0.07,0.03,0.08,0.08,0.07,0.08,0.07,0.05,0.03,0.05,0.12,0.07,0.05,0.03,0.05,0.07,0.03,0.05,0.05,0.28,0.1,0.07,0.05,0.27,0.15,0.22,0.52,0.35,0.43,0.23,0.47,0.25,0.25,0.25,0.27,0.27,0.25,0.23,0.28,0.28,0.07,0.1,0.1,0.12,0.1,0.05,0.25,0.23,0.23,0.25,0.13,0.1,0.07,0.1,0.05,0.12,0.1,0.08,0.4,0.23,0.05,0.03,0.05,0.07,0.05,0.03,0.03,0.15,0.03,0.38,0.12,10.05,0.17,0.1
1,1,1,1,1,1,1,1,1,1,1,1,1,1,1,1,2,2,3
39,40,40,40,40,40,41,41,41,42,46,47,47,52,54,55,39,17,39
0.15,0.05,0.05,0.17,0.07,0.1,0.03,0.08,0.55,3.85,1.1,0.13,4.32,2.22,1.02,17.65,10.38,0.37,0.12
1,1,1,1,1,2,3
13,14,33,35,11,28,58
1.0,1.9,0.83,0.57,0.05,133.3,0.12
1,2,2,3
28,52,04,31
0.1,1.0,0.68,0.1
1,1,1,1,2,2,2,2,2,3
33,34,34,39,07,10,13,15,37,42
0.32,0.32,0.4,0.23,1.15,1.17,1.17,1.32,0.18,0.12
1,1,1,1,1,1,1,1,2,2,3
40,40,41,44,46,46,52,53,37,59,40
0.2,0.23,0.3,0.03,0.88,5.37,0.75,16.1,8.33,22.12,0.12
1,1,1,1,1,1,1,1,1,1,1,1,1,1,1,1,1,1,1,1,1,1,1,2,2,2,2,2,2,2,2,2,2,2,3
09,12,13,17,23,24,24,24,26,32,32,33,35,35,36,36,57,57,57,57,58,58,06,27,28,34,52,54,54,55,55,56,59,30,08
3.42,0.2,3.98,6.38,0.8,0.05,0.17,1.77,6.03,0.23,0.3,2.45,0.18,0.18,0.05,20.7,0.1,0.15,0.08,0.18,0.05,0.25,60.23,0.05,1.53,13.68,1.5,0.1,0.2,0.07,0.05,0.38,0.12,0.1,0.12
1,1,1,1,1,1,1,1,1,1,1,1,1,1,2,3,3,3,3,3,3,3,3,3
07,07,18,18,19,19,19,19,20,21,22,48,58,59,27,08,09,10,10,11,53,53,54,34
0.78,10.53,0.3,0.27,0.07,0.1,0.07,1.58,0.62,0.45,26.9,9.48,0.6,0.27,0.05,0.17,0.12,0.1,0.1,0.12,0.17,0.25,0.18,0.22
1,1,1,1,1,1,1,1,1,1,1,1,1,1,1,1,1,1,1,1,1,1,1,1,1,1,1,1,1,1,1,1,1,1,1,1,1,1,2,3,3
11,11,12,12,13,14,16,18,19,20,22,23,23,24,24,25,25,26,27,27,28,29,29,30,31,32,32,33,33,34,35,35,36,36,37,38,39,40,13,35,14
0.07,0.18,0.23,0.28,0.73,1.98,1.87,0.72,0.97,1.22,0.78,0.63,0.22,0.23,0.22,0.22,0.18,0.25,0.25,0.22,0.82,0.52,0.63,0.42,0.28,0.28,0.27,0.23,0.23,0.33,0.43,0.33,0.32,0.23,1.1,1.0,0.87,28.65,0.03,0.12,0.12
1,2,2,3,3,3,3,3
38,13,26,14,15,55,56,37
0.65,0.03,5.17,0.13,0.12,0.12,0.12,0.23
1,1,1,1,1,1,1,1,1,1,1,1,2,2,3
38,40,41,41,42,43,46,46,46,50,55,09,48,00,01
0.7,1.38,0.18,1.22,0.1,2.4,0.03,0.07,0.03,0.1,0.33,0.08,5.77,21.77,0.12
1,1,1,1,1,2,2,2,2,3,3,3,3,3
09,13,19,30,06,22,23,23,12,02,44,44,44,51
0.05,0.07,10.82,2.78,0.12,0.68,0.35,1.22,1.07,0.23,0.12,0.12,0.12,0.12
1,1,1,1,1,1,1,1,1,1,1,2,2,3
06,07,07,10,10,13,13,13,16,16,14,54,37,56
0.03,0.03,0.03,0.05,0.03,0.03,0.07,0.05,0.05,0.03,7.17,1.32,1.38,0.18
1,2,3
15,23,37
0.08,1.35,0.12
1,1,1,2,2,3
17,18,40,24,07,59
0.32,0.2,3.77,0.05,1.37,0.12
1,1,2,2,3
44,51,51,35,39
7.52,25.17,1.38,2.92,0.23
1,1,2,2,2,2,2,2,2,2,2,2,2,2,2,2,3,3
17,15,38,39,39,39,39,40,40,41,42,42,45,46,46,16,41,20
10.12,64.8,0.25,0.07,0.33,0.05,0.25,0.05,0.88,0.6,0.13,0.03,0.08,0.1,0.17,1.62,0.12,0.2
1,1,1,1,1,1,1,1,2,2,3
23,37,37,39,40,42,46,04,17,59,02
0.07,0.03,0.05,0.05,0.13,0.12,0.08,0.03,0.03,1.58,0.12
1,1,1,1,1,1,1,1,1,1,1,2,2,3,3
05,05,28,33,43,44,44,44,46,46,11,41,02,42,23
0.03,18.82,0.15,10.32,0.07,0.03,0.03,0.05,0.13,9.7,15.13,12.03,0.97,0.12,0.12
1,2,2,2,2,2,3,3,3,3,3,3,3,3,3,3,3,3,3,3,3,3,3,3,3,3,3,3,3,3,3,3,3,3,3,3,3,3,3,3,3,3,3,3,3,3,3,3,3,3,3,3,3,3,3,3,3,3,3,3,3,3,3,3,3
43,03,25,39,39,31,23,23,24,24,25,25,26,26,27,27,28,28,29,29,30,30,31,31,32,33,34,35,35,36,37,37,38,38,39,39,40,40,41,41,42,42,43,43,44,44,45,45,46,46,47,47,48,48,53,55,55,56,56,57,57,58,58,59,59
0.05,8.48,14.37,0.12,2.87,0.8,0.12,0.47,0.5,0.52,0.27,0.52,0.38,0.35,0.48,0.47,0.43,0.52,0.38,0.52,0.38,0.42,0.48,0.47,0.42,0.32,0.52,0.32,0.22,0.57,0.32,0.52,0.38,0.52,0.37,0.57,0.32,0.52,0.38,0.57,0.32,0.47,0.43,0.52,0.38,0.52,0.38,0.12,0.52,0.57,0.38,0.52,0.37,3.75,1.78,0.83,0.33,0.52,0.38,0.57,0.32,0.57,0.32,0.42,0.48
1,2,2,2,2,3,3,3,3,3,3,3,3,3,3,3,3,3,3,3,3,3,3,3,3,3,3,3,3,3,3,3,3,3,3,3,3,3,3,3,3,3,3,3
46,35,39,43,02,00,00,01,01,02,02,03,13,14,14,15,18,18,19,20,24,25,25,47,48,48,49,50,50,51,53,53,54,54,55,55,56,56,57,57,58,58,59,59
327.72,0.8,0.75,3.5,13.27,0.57,0.32,0.47,0.43,0.57,0.32,0.57,0.47,0.47,0.32,0.35,0.52,0.38,0.33,4.17,0.72,0.52,0.12,0.47,0.27,0.75,0.52,0.43,0.47,1.28,0.2,0.57,0.32,0.52,0.37,0.57,0.33,0.47,0.43,0.52,0.32,0.52,0.38,0.42
1,1,1,1,1,1,1,1,1,1,1,1,1,1,1,1,1,2,2,2,3,3,3,3,3
13,14,15,22,23,23,26,26,35,36,39,40,42,42,53,55,05,25,46,01,00,00,01,06,21
0.1,0.05,0.2,0.13,0.13,0.15,0.05,0.05,0.03,0.03,0.08,0.05,0.05,0.05,0.07,0.03,0.17,5.57,1.43,17.67,0.48,0.52,0.23,0.12,0.52
1,1,1,1,2,2,2,2,3,3
07,08,33,00,20,33,45,47,22,15
0.3,0.03,0.07,0.07,3.08,4.78,0.95,22.92,0.18,0.12
1,1,1,1,1,1,1,1,1,1,1,1,1,1,1,1,1,1,1,1,1,1,1,1,1,1,1,1,1,1,1,1,1,1,1,1,1,1,1,1,1,1,1,1,1,1,2,2,2,2,2,2,2,2,3,3,3,3,3,3
00,01,01,02,02,02,12,12,14,14,14,14,14,14,15,15,15,16,16,16,17,17,17,17,17,18,18,18,18,19,19,19,20,20,20,20,21,21,21,21,21,22,22,22,23,04,10,10,11,11,11,12,43,16,20,21,27,32,33,32
0.07,0.03,0.1,0.05,0.03,0.27,0.03,0.05,0.23,0.03,0.05,0.03,0.22,0.52,0.05,0.07,0.12,0.25,0.07,0.08,0.18,0.07,0.22,0.13,0.1,0.08,0.1,0.03,0.08,0.05,0.05,0.03,0.03,0.15,0.12,0.15,0.03,0.08,0.17,0.1,0.13,0.1,0.13,0.08,0.08,0.03,0.15,0.12,0.08,0.32,0.07,0.03,1.6,1.4,0.12,0.12,0.25,0.28,0.13,0.12
1,1,1,1,1,1,1,1,1,1,1,1,1,1,1,1,1,1,1,1,1,1,1,1,1,1,1,1,1,1,1,1,1,1,1,1,1,1,1,1,1,1,1,1,1,1,1,1,1,1,1,1,1,1,1,1,1,1,1,1,1,1,1,1,1,1,1,1,1,1,1,1,1,1,1,1,1,1,2,2,3,3,3,3,3,3,3,3,3,3,3,3
04,05,05,05,05,06,06,06,06,07,07,08,08,08,08,08,09,09,09,09,10,10,10,10,10,10,11,11,11,11,11,12,12,12,13,13,14,14,14,14,15,15,15,15,16,16,16,17,17,17,18,18,19,19,19,19,20,20,20,20,21,21,22,22,22,22,23,23,23,25,25,26,27,30,31,44,46,57,50,26,32,32,33,34,35,36,37,37,38,38,44,08
0.03,0.05,0.25,0.08,0.75,0.15,0.07,0.17,0.22,0.25,0.27,0.03,0.03,0.03,0.05,0.32,0.2,0.05,0.08,0.07,0.08,0.37,0.03,0.07,0.12,0.12,0.12,0.4,0.03,0.05,0.13,0.38,0.03,0.58,0.32,0.05,0.03,0.1,0.1,0.13,0.18,0.1,0.05,0.43,0.07,0.03,0.05,0.05,0.03,0.03,0.12,0.08,0.07,0.03,0.07,0.07,0.17,0.03,0.08,0.17,0.05,0.03,0.07,0.1,0.13,0.17,0.1,0.15,0.08,0.23,0.15,0.05,0.23,0.1,0.17,0.1,0.08,118.55,1.43,1.35,0.27,0.17,0.48,0.2,0.12,0.47,0.17,0.35,0.47,0.3,0.12,0.32
1,1,2,2,3,3,3,3,3,3,3,3,3,3,3,3,3,3,3,3,3,3,3,3,3,3,3,3,3,3,3,3,3,3,3,3,3,3,3,3,3
56,27,27,02,08,08,09,10,10,11,11,12,12,13,14,37,38,38,39,39,40,40,41,41,42,42,43,43,44,44,45,45,46,46,47,47,48,48,49,49,14
0.75,18.1,0.03,1.42,0.12,0.17,0.18,0.38,0.4,0.12,0.22,0.32,0.28,0.47,0.18,0.57,0.23,0.57,0.37,0.47,0.32,0.57,0.2,0.47,0.45,0.52,0.38,0.47,0.43,0.47,0.43,0.57,0.32,0.47,0.38,0.52,0.32,0.42,0.48,0.4,0.42
1,1,1,1,1,1,1,1,1,2,2,2,3,3,3,3,3,3,3,3,3,3,3,3,3,3,3,3,3,3,3,3,3,3,3,3,3,3,3,3,3,3,3,3,3,3
46,47,48,52,52,52,52,53,53,38,40,15,15,15,16,16,17,17,18,18,19,19,20,20,21,22,22,23,23,24,24,25,25,26,26,27,27,28,28,29,38,46,46,47,47,12
1.68,0.97,3.38,0.1,0.43,0.05,0.08,0.28,20.77,1.43,0.05,1.45,0.27,0.47,0.43,0.47,0.43,0.47,0.38,0.47,0.43,0.42,0.48,0.52,0.47,0.48,0.52,0.38,0.47,0.43,0.52,0.38,0.47,0.43,0.47,0.43,0.47,0.43,0.52,0.38,0.23,0.47,0.57,0.38,0.33,0.12
1,1,1,1,1,1,1,1,1,1,1,1,2,2,2,2,3,3,3,3,3,3,3,3,3,3,3,3,3,3,3,3,3,3,3,3,3,3,3,3,3,3,3,3,3,3,3,3,3,3,3,3,3,3,3,3,3,3,3,3,3,3,3,3,3,3,3,3
25,31,33,35,38,40,43,45,48,50,53,55,52,53,53,29,12,13,13,13,14,14,14,15,15,16,16,17,17,18,18,19,19,20,20,21,21,22,22,23,23,24,25,26,26,27,27,28,28,29,29,30,30,31,31,32,32,33,33,34,34,35,35,36,36,48,58,07
4.3,0.97,1.13,1.25,1.28,1.3,1.22,1.42,1.42,1.38,1.4,39.67,1.48,0.03,0.03,1.58,0.57,0.12,0.2,0.4,0.23,0.2,0.52,0.38,0.57,0.32,0.52,0.37,0.18,0.47,0.52,0.38,0.52,0.38,0.52,0.38,0.47,0.43,0.42,0.48,0.47,0.43,0.35,0.48,0.23,0.12,0.52,0.2,0.47,0.43,0.47,0.38,0.47,0.45,0.42,0.48,0.47,0.43,0.57,0.2,0.52,0.38,0.47,0.43,0.28,0.12,0.12,0.48
1,2,3,3,3,3,3,3,3,3,3,3,3,3,3,3,3,3,3,3,3,3,3,3,3,3,3,3,3,3,3,3,3,3,3,3,3,3,3,3
34,07,07,08,08,09,09,10,10,11,11,12,12,13,13,14,14,14,15,15,16,16,16,17,17,18,18,19,19,20,20,21,21,22,22,29,41,49,57,59
30.25,1.58,0.37,0.32,0.42,0.45,0.37,0.32,0.42,0.45,0.37,0.32,0.42,0.45,0.37,0.32,0.22,0.37,0.37,0.37,0.32,0.2,0.42,0.32,0.47,0.45,0.42,0.32,0.47,0.45,0.42,0.32,0.42,0.32,0.42,0.12,0.12,0.12,0.12,0.18
1,1,1,1,1,1,1,1,1,1,1,1,1,1,1,1,1,1,2,2,2,2,3,3,3,3,3,3,3,3,3,3,3,3,3,3,3,3,3,3,3,3,3,3,3,3,3,3,3,3,3,3,3,3,3,3,3,3,3,3,3,3,3,3,3,3,3,3,3,3,3,3,3,3,3,3
05,05,05,05,31,32,33,33,34,34,35,35,42,42,43,52,53,54,09,46,47,24,02,03,05,06,06,06,08,12,14,19,21,22,22,23,23,24,24,25,25,26,26,27,27,28,28,29,29,30,30,31,31,32,32,33,33,34,34,40,43,48,49,49,50,50,51,51,52,52,53,53,54,54,55,01
0.03,0.03,0.12,26.35,0.27,0.67,0.68,0.57,0.07,0.57,0.1,6.93,0.48,0.22,9.62,1.0,0.82,5.47,0.07,1.53,0.12,1.58,0.18,0.22,0.12,0.12,0.18,0.12,0.12,0.12,0.12,0.2,0.42,0.27,0.42,0.45,0.42,0.32,0.47,0.45,0.42,0.32,0.47,0.45,0.42,0.32,0.42,0.45,0.37,0.32,0.42,0.45,0.37,0.32,0.42,0.45,0.37,0.32,0.47,0.13,0.12,0.42,0.48,0.57,0.38,0.52,0.32,0.52,0.38,0.52,0.38,0.47,0.43,0.47,0.28,0.18
1,1,1,2,2,2,3
13,14,44,26,26,03,21
0.03,0.03,20.53,0.07,0.03,1.62,0.33
1,1,1,1,1,1,1,1,1,1,1,1,1,1,1,1,1,1,1,1,1,1,1,1,1,1,1,2,2,2,2,3,3,3,3,3,3,3,3,3,3,3,3,3,3,3,3,3,3,3,3,3,3,3,3,3,3
05,05,05,05,05,05,05,06,06,06,07,07,07,07,08,08,11,11,11,13,28,32,34,38,43,50,55,04,40,42,19,21,22,22,23,23,24,24,25,25,26,27,27,28,51,52,52,53,53,54,54,55,55,56,56,57,01
0.05,0.05,0.03,0.07,0.03,0.05,0.05,0.08,0.08,0.03,0.03,0.03,0.03,0.03,0.03,0.03,0.07,0.05,0.12,0.97,1.02,0.03,0.03,0.03,1.08,1.13,9.92,0.05,1.65,0.05,1.78,0.52,0.38,0.57,0.32,0.52,0.38,0.52,0.38,0.4,0.47,0.43,0.52,0.38,0.5,0.32,0.4,0.37,0.52,0.38,0.52,0.38,0.52,0.38,0.52,0.38,0.42
1,1,1,1,1,1,1,1,1,2,2,3,3,3,3,3,3,3,3,3,3,3,3,3,3,3,3,3,3,3,3,3,3,3,3,3,3,3,3,3,3,3,3
05,05,13,28,36,41,42,43,50,21,58,02,02,03,03,19,19,24,24,26,26,27,27,28,28,29,29,30,30,31,31,32,32,33,33,34,34,35,35,36,36,37,22
0.03,0.03,7.35,6.9,0.03,0.03,0.05,6.97,14.55,0.07,1.57,0.38,0.52,0.38,0.23,0.27,0.3,0.32,0.27,0.32,0.52,0.43,0.57,0.32,0.52,0.38,0.52,0.37,0.4,0.38,0.47,0.27,0.52,0.38,0.57,0.27,0.47,0.43,0.42,0.48,0.52,0.37,0.37
1,1,1,1,1,1,1,1,1,1,1,1,1,1,1,1,1,1,1,1,1,1,1,1,1,1,1,1,1,1,1,1,1,1,1,1,1,1,1,2,2,2,3,3,3,3,3,3,3,3,3,3,3,3
05,05,05,06,06,06,07,07,07,07,07,07,08,08,08,08,08,09,09,09,09,09,10,10,10,10,11,11,11,13,22,28,38,38,39,42,42,43,50,38,40,17,22,22,23,23,23,24,25,25,26,28,31,00
0.03,0.1,0.03,0.03,0.05,0.05,0.05,0.03,0.08,0.03,0.07,0.03,0.03,0.07,0.07,0.03,0.05,0.05,0.07,0.1,0.03,0.07,0.1,0.12,0.03,0.05,0.03,0.05,0.35,7.08,0.03,7.15,0.45,0.03,0.03,0.08,0.4,7.35,209.6,1.75,0.07,1.47,0.2,0.28,0.27,0.17,0.47,0.12,0.12,0.38,0.27,0.1,0.12,0.12
1,1,2,2,2,2,3,3,3,3
21,27,19,57,59,38,31,51,52,25
17.52,0.08,0.07,1.47,0.03,1.52,0.12,0.32,0.27,0.17
1,1,1,2,3,3,3
30,40,02,19,26,26,59
0.1,0.05,0.05,1.42,0.12,0.12,0.2
1,1,1,1,1,1,1,1,1,1,1,1,1,1,1,1,1,1,1,1,1,1,1,1,1,1,1,1,2,3
03,33,34,34,34,36,39,39,39,40,40,41,41,41,43,43,43,44,44,46,47,47,48,48,48,57,58,19,59,25
0.05,0.03,0.15,0.12,0.03,0.25,0.12,0.03,0.05,0.13,0.05,0.1,0.03,0.13,0.05,0.03,0.03,0.03,0.03,0.03,0.03,0.03,0.12,0.13,0.08,0.12,0.05,0.07,1.4,0.12
1,1,1,1,1,1,1,1,1,1,1,1,1,1,1,1,1,1,1,1,2,2,2,2,3,3,3,3
19,19,20,27,41,41,41,41,41,41,42,42,42,42,43,43,43,43,45,08,01,40,41,21,29,29,30,57
0.3,0.32,0.1,0.15,0.03,0.13,0.08,0.03,0.08,0.18,0.18,0.05,0.03,0.07,0.05,0.03,0.05,0.33,0.15,0.05,0.05,1.27,0.12,1.33,0.18,0.2,0.18,0.22
1,1,1,1,1,1,1,1,1,1,1,1,1,1,1,1,1,1,1,1,1,1,1,1,1,1,1,1,1,1,1,1,1,1,1,1,1,1,1,1,1,1,1,1,1,1,1,1,1,1,1,1,1,1,1,1,1,1,1,1,1,1,1,1,1,1,1,1,1,1,1,1,1,1,1,1,1,1,1,1,1,1,1,1,1,1,1,1,1,1,1,1,1,1,1,1,1,2,3
11,11,11,11,12,12,13,13,13,14,14,14,14,15,15,16,16,18,19,19,19,27,27,29,36,37,37,38,38,38,38,39,39,39,39,39,40,40,40,40,41,41,41,42,42,42,42,43,43,43,43,43,43,43,44,44,44,44,45,45,45,45,46,46,46,46,47,47,48,50,50,50,50,51,51,51,52,52,53,53,54,54,54,54,54,56,57,57,57,57,57,57,58,58,58,59,59,02,23
0.05,0.03,0.08,0.03,0.08,0.05,0.32,0.2,0.48,0.2,0.27,0.25,0.15,0.25,0.4,0.18,0.03,0.08,0.07,0.03,0.12,0.13,0.13,0.03,1.12,0.37,0.37,0.13,0.08,0.05,0.1,0.15,0.13,0.05,0.13,0.07,0.27,0.07,0.32,0.15,0.05,0.12,0.1,0.13,0.03,0.38,0.18,0.03,0.07,0.03,0.12,0.05,0.07,0.03,0.03,0.03,0.03,0.05,0.15,0.4,0.07,0.07,0.18,0.07,0.47,0.13,0.08,0.03,0.03,0.05,0.03,0.05,0.37,0.12,0.25,0.28,0.38,0.03,0.07,0.03,0.05,0.07,0.03,0.05,0.03,0.07,0.03,0.15,0.12,0.1,0.1,0.1,0.03,0.05,0.05,0.07,0.33,1.25,0.1
1,1,1,1,1,1,1,1,1,1,1,1,1,1,1,1,1,1,1,1,1,1,1,1,1,1,1,1,1,1,1,1,1,1,1,1,1,1,1,1,1,1,1,1,1,1,1,1,1,1,1,1,1,1,1,1,1,1,1,1,1,1,1,1,1,1,1,1,1,1,1,1,1,1,1,2,2,2,2,3,3,3,3,3,3,3,3,3,3,3
00,00,00,02,03,03,03,03,04,04,05,06,12,13,13,13,14,14,14,14,14,15,15,15,15,15,15,16,16,16,16,16,16,16,17,17,17,18,18,19,20,21,21,21,21,21,22,22,27,28,28,28,29,30,31,32,32,33,34,34,34,36,36,36,36,37,37,38,38,38,38,39,40,41,16,04,44,45,26,29,29,32,42,43,53,53,54,55,59,06
0.03,0.12,0.03,0.03,0.03,0.33,0.2,0.45,0.03,0.15,0.05,0.03,0.12,0.03,0.52,0.18,0.05,0.03,0.22,0.3,0.05,0.05,0.07,0.08,0.05,0.07,0.38,0.08,0.12,0.05,0.15,0.05,0.05,0.07,0.03,0.07,0.22,0.33,0.05,0.55,0.03,0.08,0.03,0.07,0.03,0.15,0.03,0.05,0.17,0.03,0.12,1.25,1.3,0.73,0.43,0.03,0.68,0.05,0.03,0.08,0.03,0.03,0.3,0.12,0.12,0.35,0.08,0.08,0.03,0.08,0.05,0.08,0.05,0.03,1.03,0.05,1.3,0.05,1.43,0.2,0.17,0.12,0.12,0.1,0.17,0.23,0.2,0.12,0.27,0.3
1,1,2,3,3,3,3,3,3,3,3,3,3,3,3,3,3,3,3,3,3,3,3,3,3,3,3,3,3,3,3,3,3,3
18,08,08,06,31,32,32,33,33,34,34,35,35,36,36,37,37,38,38,39,39,40,40,41,41,42,42,43,43,44,44,45,45,11
7.33,0.28,1.35,0.17,0.52,0.32,0.47,0.43,0.47,0.45,0.52,0.32,0.52,0.37,0.52,0.37,0.52,0.38,0.52,0.38,0.57,0.33,0.47,0.43,0.52,0.38,0.47,0.43,0.52,0.37,0.57,0.32,0.23,0.25
1,2,2,3,3,3
14,49,31,11,11,59
0.07,1.43,1.37,0.32,0.52,0.12
1,1,1,1,1,1,1,2,2,3
15,16,17,17,21,21,08,32,11,00
0.6,0.58,0.38,3.58,0.17,8.7,0.13,0.05,1.33,0.18
1,1,1,1,1,1,1,1,1,1,1,1,1,1,1,1,1,1,1,1,1,1,1,1,1,1,1,1,1,1,1,1,1,1,1,1,1,1,1,1,1,1,1,1,1,1,1,1,1,1,1,1,1,1,1,1,1,1,1,1,1,1,1,1,1,1,1,1,1,1,1,1,1,1,1,1,1,1,1,1,1,1,1,1,1,1,1,1,1,1,1,1,2,2,2,3,3,3,3,3,3,3,3,3,3,3,3,3,3,3,3,3,3,3,3,3,3,3,3,3,3,3,3,3,3
08,09,10,11,11,11,13,14,15,15,17,19,20,20,20,21,21,22,22,22,23,23,24,24,24,24,25,25,25,25,26,26,26,26,26,27,27,27,27,28,28,29,29,29,29,31,31,32,32,32,32,32,32,33,33,34,34,35,35,35,35,36,36,36,36,36,36,37,37,37,37,38,38,38,38,39,39,40,40,40,40,41,42,42,42,43,43,43,43,43,43,03,53,55,35,00,01,01,04,08,08,09,10,25,25,26,27,27,27,28,30,30,39,40,41,41,42,42,43,44,58,58,59,59,00
0.37,1.53,0.28,0.07,0.32,1.92,0.28,1.0,0.07,2.05,2.08,0.38,0.05,0.22,0.45,0.1,0.67,0.13,0.03,0.03,0.17,0.17,0.48,0.05,0.05,0.08,0.37,0.07,0.05,0.08,0.03,0.3,0.03,0.05,0.07,0.05,0.4,0.07,0.52,0.07,0.03,0.07,0.03,0.05,0.92,0.05,0.52,0.1,0.32,0.12,0.03,0.03,0.05,0.78,0.03,0.05,0.05,0.2,0.05,0.05,0.07,0.1,0.05,0.05,0.13,0.07,0.23,0.07,0.03,0.1,0.03,0.05,0.03,0.07,0.08,0.07,0.83,0.1,0.12,0.38,0.15,0.03,0.1,0.38,0.08,0.12,0.13,0.07,0.03,0.15,0.03,38.87,1.35,0.05,1.37,0.18,0.12,0.12,0.22,0.12,0.13,0.12,0.12,0.12,0.2,0.47,0.28,0.12,0.18,0.12,0.12,0.2,0.17,0.4,0.37,0.4,0.47,0.43,0.52,0.23,0.37,0.2,0.17,0.32,0.18
1,1,1,2,2,3,3,3,3
44,45,47,37,18,00,01,04,08
0.42,1.25,21.15,0.08,1.43,0.13,0.12,0.1,0.2
1,1,1,1,1,1,1,1,1,1,1,1,1,1,1,1,1,1,1,1,1,1,1,1,1,1,1,1,1,1,1,1,1,1,1,1,1,1,1,1,2,3,3
10,10,10,11,11,11,11,11,13,15,15,31,32,32,32,35,36,37,38,38,38,39,39,39,39,40,40,40,40,40,40,41,41,41,42,42,42,43,43,01,59,12,22
0.03,0.08,0.08,0.03,0.08,0.03,0.03,0.28,0.03,0.05,15.92,0.72,0.15,0.07,3.38,0.05,0.3,0.03,0.03,0.12,0.03,0.42,0.18,0.05,0.12,0.1,0.05,0.03,0.05,0.05,0.03,0.07,0.03,0.03,0.05,0.05,0.08,0.05,11.02,0.03,1.35,0.52,0.38
1,1,1,1,2,2,2,3,3,3,3,3,3,3,3,3,3,3,3,3,3,3,3,3,3,3,3,3,3,3,3,3,3,3,3,3,3,3,3,3,3,3,3,3,3,3,3,3,3,3,3,3,3,3,3,3,3,3,3,3,3,3,3,3,3,3,3,3,3,3,3,3,3,3,3,3,3,3,3,3,3,3
03,03,03,30,01,41,23,23,24,25,25,26,26,27,27,28,28,29,29,30,30,31,31,32,32,33,33,34,34,35,35,36,36,37,37,38,38,39,39,39,40,40,41,41,42,42,43,43,44,44,45,45,46,46,47,47,48,48,49,49,50,50,51,51,52,52,53,53,54,54,54,55,55,56,56,57,57,58,58,59,59,00
0.18,0.42,0.27,0.08,0.08,1.32,1.4,0.52,0.53,0.47,0.43,0.62,0.27,0.47,0.43,0.57,0.27,0.57,0.32,0.42,0.5,0.52,0.38,0.52,0.38,0.52,0.38,0.47,0.43,0.42,0.48,0.28,0.47,0.52,0.43,0.57,0.27,0.37,0.32,0.2,0.47,0.43,0.47,0.43,0.4,0.43,0.52,0.38,0.57,0.33,0.52,0.4,0.32,0.55,0.57,0.33,0.42,0.48,0.52,0.38,0.52,0.38,0.52,0.33,0.47,0.43,0.52,0.27,0.42,0.12,0.32,0.42,0.48,0.47,0.43,0.47,0.37,0.47,0.43,0.57,0.32,0.52
1,1,2,3,3,3,3,3,3,3,3,3,3,3,3,3,3,3,3,3,3
45,00,05,00,01,01,02,02,03,04,05,05,06,06,07,08,09,09,10,10,03
0.1,0.03,1.33,0.38,0.47,0.43,0.47,0.45,0.52,0.48,0.42,0.48,0.52,0.37,0.52,0.48,0.57,0.32,0.57,0.12,0.12
1,2,2,3,3,3,3,3,3,3,3,3,3,3,3,3,3,3,3,3,3,3,3,3,3,3,3,3,3,3,3,3,3,3,3,3,3,3,3,3,3,3,3,3,3,3,3,3,3
38,48,30,04,10,27,27,28,28,29,29,30,30,31,31,32,32,33,33,34,34,35,35,36,36,37,37,38,38,39,39,40,40,52,52,53,53,54,54,55,55,56,56,57,57,58,58,59,59
0.22,1.37,1.47,0.32,0.12,0.42,0.43,0.47,0.43,0.52,0.38,0.47,0.43,0.52,0.37,0.52,0.37,0.57,0.33,0.52,0.38,0.52,0.37,0.52,0.38,0.47,0.43,0.47,0.43,0.47,0.43,0.57,0.17,0.52,0.38,0.52,0.32,0.52,0.38,0.47,0.43,0.42,0.48,0.57,0.33,0.52,0.38,0.23,0.6
1,1,1,1,1,1,1,1,1,1,1,1,1,1,1,1,1,1,1,1,1,1,1,1,1,1,1,1,1,1,1,1,1,1,1,1,1,1,1,1,1,1,2,3,3,3,3,3,3,3,3,3,3,3,3,3,3,3,3,3,3,3,3,3,3,3,3,3,3,3,3,3,3,3,3,3,3,3,3,3,3,3,3,3,3,3,3,3,3,3,3,3,3,3,3,3,3,3,3,3,3,3,3,3,3,3,3,3,3,3,3,3,3,3,3,3,3,3,3,3,3,3,3,3,3,3,3,3,3,3,3,3
38,39,39,42,43,44,45,45,46,46,46,46,47,47,47,47,47,48,48,48,48,48,48,48,49,49,49,49,49,50,50,50,50,51,51,51,51,51,51,52,52,00,13,00,00,01,01,02,02,03,03,04,04,05,05,06,06,17,17,18,18,19,19,20,20,21,21,22,22,23,23,24,24,25,25,26,26,27,27,28,28,29,29,30,30,31,31,32,32,33,33,34,34,35,35,36,36,37,37,38,38,39,39,40,40,41,41,42,42,43,43,44,44,45,45,46,46,47,47,48,48,49,49,50,50,50,51,51,52,52,53,04
0.22,0.22,0.28,0.07,0.07,0.05,0.07,0.25,0.08,0.03,0.03,0.03,0.07,0.05,0.03,0.13,0.07,0.05,0.03,0.05,0.03,0.03,0.15,0.12,0.03,0.03,0.08,0.2,0.22,0.15,0.23,0.13,0.15,0.08,0.07,0.08,0.03,0.07,0.2,0.13,0.12,0.17,1.47,0.47,0.43,0.42,0.48,0.52,0.37,0.47,0.43,0.52,0.38,0.52,0.38,0.42,0.33,0.47,0.5,0.52,0.38,0.18,0.57,0.47,0.43,0.47,0.43,0.47,0.43,0.57,0.32,0.47,0.43,0.52,0.37,0.57,0.32,0.57,0.32,0.52,0.38,0.52,0.38,0.42,0.48,0.57,0.32,0.57,0.32,0.52,0.38,0.47,0.43,0.4,0.5,0.47,0.43,0.47,0.43,0.52,0.37,0.52,0.37,0.57,0.32,0.52,0.37,0.57,0.33,0.47,0.42,0.35,0.43,0.52,0.38,0.52,0.37,0.4,0.5,0.52,0.38,0.57,0.32,0.12,0.1,0.6,0.47,0.43,0.47,0.43,0.52,0.57
1,1,1,1,1,1,1,1,1,1,1,1,1,1,1,1,1,1,1,1,1,1,1,1,1,1,1,1,1,1,1,1,1,1,1,1,1,1,1,1,1,1,1,1,1,1,1,1,1,1,1,1,1,1,1,1,1,1,1,1,1,1,1,1,1,1,1,1,2,2,2,3,3,3,3,3,3,3,3,3,3,3,3,3,3,3,3,3,3,3,3,3,3,3,3,3,3,3,3,3,3,3,3,3,3,3,3,3,3,3,3,3,3,3,3,3,3,3,3,3,3,3,3,3,3,3,3,3,3,3,3,3,3,3,3,3,3,3,3,3,3,3,3,3,3,3,3,3,3,3,3,3,3,3,3,3,3
00,01,01,01,01,02,03,03,03,03,03,03,03,04,09,10,10,10,10,10,10,11,11,11,11,11,11,11,12,12,12,12,13,13,13,13,13,13,14,14,14,14,14,14,14,15,15,15,15,15,16,16,16,27,27,28,28,30,30,31,31,31,32,32,32,33,33,52,15,56,39,05,05,06,06,07,07,08,08,09,09,10,10,11,11,12,12,13,13,14,14,15,15,16,16,17,17,18,18,19,19,20,20,21,21,22,22,23,34,35,35,36,36,37,37,38,38,39,39,40,40,41,41,42,42,43,43,44,44,45,45,46,46,47,47,48,48,49,49,50,50,51,51,52,52,53,53,54,54,55,55,56,56,57,57,58,12
0.2,0.08,0.05,0.1,0.03,0.05,0.03,0.03,0.05,0.05,0.07,0.03,0.03,0.03,0.75,0.22,0.07,0.08,0.05,0.08,0.18,0.1,0.12,0.05,0.12,0.08,0.03,0.05,0.05,0.13,0.12,0.13,0.13,0.05,0.07,0.03,0.07,0.03,0.03,0.08,0.1,0.07,0.13,0.03,0.08,0.2,0.18,0.15,0.07,0.07,0.03,0.05,0.05,0.13,0.05,0.1,0.03,0.22,0.35,0.22,0.08,0.37,0.03,0.03,0.1,0.2,0.38,0.07,0.07,1.65,1.68,0.47,0.43,0.47,0.43,0.47,0.43,0.52,0.37,0.47,0.43,0.52,0.38,0.47,0.43,0.47,0.43,0.47,0.43,0.47,0.43,0.47,0.43,0.52,0.37,0.52,0.38,0.47,0.43,0.47,0.43,0.57,0.32,0.42,0.48,0.52,0.37,0.12,0.47,0.47,0.5,0.42,0.48,0.57,0.32,0.47,0.43,0.52,0.38,0.52,0.38,0.47,0.43,0.52,0.18,0.47,0.43,0.47,0.43,0.52,0.37,0.52,0.37,0.57,0.32,0.52,0.38,0.47,0.42,0.52,0.37,0.52,0.37,0.57,0.32,0.52,0.37,0.52,0.38,0.52,0.38,0.47,0.43,0.52,0.38,0.52,0.37
1,2,3,3,3,3,3,3,3,3,3,3,3,3,3,3,3,3,3,3,3,3,3,3,3,3,3,3,3,3,3,3,3,3,3,3,3,3,3,3,3,3,3,3,3,3,3,3,3,3,3,3,3,3,3,3,3,3,3,3,3,3,3,3,3,3,3
44,08,13,13,14,14,15,15,16,16,17,17,18,18,19,19,20,20,21,21,22,22,23,23,24,24,25,25,26,26,27,27,28,28,29,29,44,45,45,46,46,47,47,48,48,49,49,50,50,51,51,52,52,53,53,54,54,55,55,56,56,57,57,58,58,59,59
18.13,16.85,0.52,0.37,0.52,0.37,0.52,0.37,0.57,0.32,0.57,0.32,0.47,0.43,0.57,0.32,0.47,0.43,0.47,0.43,0.52,0.38,0.52,0.37,0.57,0.32,0.52,0.38,0.52,0.38,0.47,0.43,0.47,0.43,0.47,0.43,0.32,0.42,0.48,0.47,0.43,0.47,0.43,0.52,0.38,0.47,0.43,0.47,0.43,0.47,0.43,0.47,0.43,0.52,0.37,0.57,0.32,0.57,0.32,0.57,0.32,0.52,0.38,0.47,0.43,0.47,0.43
1,1,1,2,2,2,2,2,2,2,2,2,3,3,3,3,3,3,3,3,3,3,3,3,3,3,3,3,3,3,3,3,3,3,3,3,3,3,3,3,3,3,3,3,3,3,3,3,3,3,3
02,45,00,25,25,25,53,58,58,58,59,33,00,00,01,01,02,18,19,19,20,20,21,21,22,22,23,23,24,24,25,25,26,26,27,27,28,28,29,29,30,30,31,31,32,32,33,33,34,34,20
42.48,8.55,1.35,0.1,0.23,0.05,4.6,0.47,0.07,0.22,0.05,1.87,0.47,0.28,0.47,0.48,0.4,0.52,0.52,0.38,0.47,0.43,0.47,0.43,0.52,0.37,0.47,0.42,0.52,0.37,0.57,0.32,0.57,0.32,0.52,0.38,0.47,0.43,0.52,0.38,0.52,0.38,0.52,0.38,0.52,0.37,0.52,0.38,0.52,0.38,0.23
1,1,1,1,1,1,1,1,1,1,1,1,1,1,1,1,1,1,1,2,2,3,3,3
09,10,10,10,11,11,11,11,11,11,12,12,12,13,13,14,14,14,14,36,14,20,20,22
0.82,0.6,0.03,0.05,0.07,0.15,0.03,0.05,0.05,0.03,0.05,0.03,0.03,0.03,0.03,0.03,0.05,0.12,63.72,0.05,1.9,0.23,0.25,0.35
1,1,1,1,1,1,1,1,1,1,1,1,1,1,1,1,1,1,1,1,1,1,1,1,1,1,1,1,1,1,1,1,1,1,1,1,1,1,1,1,1,1,1,1,1,1,1,1,1,1,1,1,1,1,1,1,2,2,2,2,2,2,3,3,3,3,3
18,20,20,20,21,21,21,22,22,22,22,22,22,22,22,22,22,22,23,23,23,23,23,23,23,23,23,23,24,24,24,24,24,24,24,24,24,25,25,25,25,25,25,25,25,25,26,26,26,26,27,27,27,30,31,18,16,16,55,57,57,37,23,35,36,37,24
1.67,0.72,0.1,0.5,0.2,0.17,0.1,0.18,0.12,0.05,0.03,0.03,0.03,0.07,0.12,0.05,0.08,0.1,0.08,0.03,0.08,0.05,0.03,0.03,0.07,0.07,0.07,0.03,0.03,0.05,0.08,0.07,0.08,0.03,0.08,0.05,0.03,0.07,0.05,0.05,0.03,0.03,0.05,0.03,0.03,0.03,0.03,0.03,0.03,0.03,0.03,0.05,0.03,0.13,0.03,0.07,0.08,0.03,1.73,0.12,0.03,1.7,0.22,0.13,0.17,0.17,0.12
1,2,2,3
35,38,19,42
0.2,0.08,1.9,0.22
1,1,1,1,1,1,1,1,1,2,2,3
35,36,36,40,41,42,42,42,43,21,01,05
0.23,0.23,0.28,0.07,0.15,0.45,0.03,0.4,24.35,0.07,1.58,0.12
1,1,1,1,1,1,1,1,1,2,2,2,2,2,3,3,3,3,3,3,3,3,3,3,3,3,3,3,3,3,3,3,3,3,3,3,3,3,3,3,3,3,3,3,3,3,3,3,3,3,3,3,3,3
07,29,29,30,30,32,38,38,37,03,03,43,45,26,05,06,06,06,08,08,09,09,09,10,10,11,11,11,12,12,12,13,13,14,37,37,38,38,39,39,39,40,41,42,43,43,43,44,44,44,45,47,49,15
21.07,0.08,0.1,0.37,1.68,5.93,0.1,9.57,39.47,0.1,0.07,1.78,0.05,1.57,0.2,0.27,0.17,1.63,0.17,0.2,0.33,0.17,0.32,0.32,0.42,0.18,0.12,0.32,0.18,0.12,0.12,0.37,0.23,0.32,0.32,0.4,0.22,0.2,0.18,0.12,0.12,0.1,0.23,0.12,0.23,0.1,0.1,0.12,0.1,0.12,0.12,0.17,0.17,0.37
1,1,1,2,2,3,3,3,3,3,3,3,3,3,3,3,3,3,3,3,3,3,3,3,3,3,3,3,3,3,3,3,3,3,3,3,3,3
30,45,00,28,08,16,17,17,17,18,19,20,20,21,21,22,22,22,22,23,24,24,25,26,26,26,27,55,56,56,57,57,58,58,58,59,59,59
0.12,0.1,0.1,0.03,1.5,0.55,0.12,0.2,0.17,0.12,0.22,0.18,0.17,0.55,0.1,0.17,0.13,0.12,0.28,0.12,0.17,0.12,0.12,0.12,0.12,0.18,0.12,0.47,0.27,0.35,0.18,0.33,0.12,0.27,0.12,0.17,0.18,0.12
1,1,1,1,1,2,2,2,3,3,3,3,3,3,3,3,3,3,3,3,3,3,3,3,3,3,3,3,3,3,3,3,3,3,3
09,09,30,45,00,10,50,32,00,00,01,01,02,02,02,03,04,04,05,05,06,07,37,38,38,40,40,41,41,41,41,44,44,45,20
0.08,0.1,0.1,0.08,0.08,0.08,1.57,1.4,0.12,0.12,0.12,0.1,0.12,0.17,0.2,0.1,0.12,0.2,0.12,0.27,0.12,0.17,0.47,0.48,0.28,0.12,0.18,0.12,0.12,0.23,0.28,0.12,0.12,0.17,0.52
1,1,1,1,1,2,3,3,3,3,3,3,3,3,3,3,3,3,3,3,3,3,3,3,3
09,09,30,45,00,14,20,21,21,22,22,22,23,24,24,25,25,25,26,26,27,29,30,31,29
0.08,0.15,0.08,0.08,0.08,1.4,0.42,0.17,0.2,0.12,0.2,0.12,0.12,0.18,0.12,0.12,0.22,0.23,0.12,0.18,0.12,0.12,0.12,0.17,0.2
1,1,1,1,2,2,3
05,09,09,09,56,37,19
3.45,0.05,0.03,60.32,1.35,1.38,0.47
1,1,1,1,1,1,1,1,1,1,1,1,1,1,1,1,1,1,1,1,1,1,1,1,1,1,1,1,1,1,1,1,1,1,1,2,3,3,3,3,3,3,3,3,3,3,3,3,3,3,3,3,3,3,3,3,3,3,3,3,3,3,3,3,3,3,3,3,3,3,3,3,3,3,3,3,3,3,3,3,3,3,3,3,3,3,3,3,3,3,3,3,3,3,3,3,3,3,3,3,3,3,3,3,3,3,3,3,3,3,3,3,3,3,3,3,3,3,3,3,3,3,3,3,3,3,3
09,10,10,10,10,11,11,11,12,12,12,13,13,14,14,14,15,15,15,16,17,25,25,26,27,27,27,27,27,27,27,27,38,45,00,18,19,20,20,21,21,21,22,22,23,23,24,24,25,25,26,27,27,28,28,28,29,30,30,31,31,32,32,32,32,33,33,34,34,34,35,35,36,36,37,38,38,38,39,39,40,40,40,41,41,41,42,42,43,43,43,44,44,45,45,45,46,47,47,47,48,48,48,49,49,50,50,50,51,51,51,52,52,53,54,54,55,55,55,56,57,57,58,59,59,59,03
0.17,0.03,0.03,0.03,0.05,0.12,0.03,0.08,0.05,0.05,0.03,0.08,0.05,0.03,0.03,0.08,0.05,0.32,0.07,0.03,0.05,0.05,0.03,0.15,0.05,0.03,0.08,0.05,0.03,0.03,0.03,0.03,4.12,0.1,0.07,1.35,0.42,0.32,0.42,0.18,0.22,0.37,0.32,0.42,0.37,0.42,0.32,0.35,0.28,0.28,0.52,0.2,0.12,0.12,0.23,0.27,0.12,0.18,0.28,0.17,0.17,0.12,0.17,0.27,0.1,0.55,0.22,0.18,0.17,0.12,0.12,0.4,0.33,0.23,0.53,0.23,0.12,0.33,0.28,0.28,0.17,0.2,0.12,0.18,0.38,0.28,0.18,0.37,0.32,0.2,0.37,0.37,0.37,0.32,0.2,0.42,0.25,0.32,0.4,0.17,0.32,0.33,0.42,0.33,0.32,0.18,0.2,0.1,0.18,0.37,0.37,0.27,0.42,0.22,0.18,0.12,0.12,0.17,0.1,0.52,0.28,0.12,0.12,0.12,0.12,0.12,0.52
1,1,1,1,1,2,3,3,3,3,3,3,3,3,3,3,3,3,3,3,3,3,3,3,3,3,3,3,3,3,3,3,3,3,3,3,3,3,3,3,3,3,3,3,3,3,3,3,3,3,3,3,3,3,3,3,3,3,3,3,3,3,3,3,3,3,3,3,3,3,3,3,3,3,3,3,3,3,3,3,3,3,3,3,3,3,3,3,3,3,3,3,3,3,3,3,3,3,3,3
09,09,30,45,00,59,04,04,05,05,06,06,07,07,08,08,09,09,10,10,11,11,12,12,13,13,14,14,15,15,16,16,17,17,18,18,19,19,20,20,21,21,22,22,23,23,24,24,25,25,26,26,37,37,38,38,39,39,40,40,41,41,42,42,43,43,44,44,45,45,46,46,47,47,48,48,49,49,50,50,50,51,51,52,52,52,53,53,54,54,55,55,56,56,57,57,58,58,59,59
0.05,0.1,0.07,0.07,0.07,1.28,0.37,0.42,0.32,0.42,0.37,0.47,0.32,0.42,0.37,0.47,0.32,0.42,0.37,0.47,0.32,0.47,0.32,0.42,0.45,0.37,0.32,0.42,0.45,0.47,0.38,0.42,0.45,0.47,0.4,0.42,0.45,0.47,0.32,0.42,0.37,0.47,0.45,0.42,0.32,0.47,0.45,0.42,0.32,0.47,0.47,0.52,0.43,0.52,0.33,0.42,0.45,0.42,0.32,0.47,0.47,0.42,0.32,0.42,0.45,0.37,0.32,0.47,0.43,0.47,0.38,0.42,0.45,0.37,0.32,0.42,0.45,0.37,0.32,0.2,0.37,0.37,0.37,0.32,0.2,0.42,0.32,0.47,0.45,0.42,0.32,0.47,0.47,0.42,0.32,0.42,0.43,0.37,0.32,0.42
1,1,1,1,1,2,2,2,3,3,3,3,3,3,3,3,3,3,3,3,3,3,3,3,3,3,3,3,3,3,3,3,3,3,3,3,3,3,3,3,3,3,3,3,3,3,3,3,3,3,3,3,3,3,3,3,3,3,3,3,3,3,3,3,3,3,3,3,3,3,3,3,3,3,3,3,3,3,3,3,3,3,3,3,3,3,3,3
09,09,30,45,00,39,41,20,00,00,01,01,02,02,03,03,04,04,15,15,16,16,17,17,18,18,19,19,20,20,21,21,22,22,23,23,24,24,25,25,26,26,27,27,28,28,29,29,30,30,31,31,32,32,33,33,34,34,35,35,36,36,37,37,38,38,39,39,40,40,41,41,42,42,43,43,44,44,51,52,52,53,53,54,54,55,55,00
0.08,0.1,0.05,0.05,0.05,1.22,0.03,1.43,0.45,0.37,0.32,0.42,0.45,0.37,0.32,0.42,0.37,0.23,0.43,0.37,0.32,0.42,0.32,0.42,0.32,0.42,0.32,0.42,0.45,0.37,0.32,0.42,0.45,0.42,0.32,0.47,0.45,0.42,0.32,0.47,0.47,0.47,0.32,0.42,0.37,0.42,0.32,0.42,0.32,0.42,0.32,0.42,0.32,0.42,0.32,0.42,0.32,0.42,0.45,0.37,0.32,0.42,0.45,0.47,0.4,0.42,0.45,0.47,0.4,0.42,0.47,0.47,0.32,0.42,0.37,0.47,0.45,0.17,0.52,0.43,0.52,0.38,0.57,0.32,0.52,0.37,0.12,0.2
1,1,1,1,1,2,3,3,3,3,3,3,3,3,3,3,3,3,3,3,3,3,3,3,3,3,3,3,3,3,3,3,3,3,3,3
09,09,30,45,00,01,18,18,19,19,20,20,21,21,22,22,23,23,24,24,25,25,26,26,27,27,28,55,56,56,57,57,58,58,59,59
0.05,0.1,0.05,0.05,0.05,1.35,0.4,0.47,0.43,0.42,0.5,0.47,0.43,0.52,0.38,0.47,0.43,0.52,0.32,0.52,0.37,0.52,0.38,0.47,0.43,0.57,0.18,0.23,0.32,0.52,0.37,0.52,0.32,0.57,0.33,0.42
1,1,1,1,1,2,2,2,2,3,3,3,3,3,3,3,3,3,3,3,3,3,3,3,3,3,3,3,3,3,3,3,3
09,09,30,45,00,03,42,43,22,00,00,01,01,02,02,03,03,04,04,05,05,50,53,55,56,56,56,57,57,58,58,59,00
0.07,0.12,0.05,0.05,0.07,0.12,1.45,0.03,1.47,0.48,0.52,0.37,0.52,0.38,0.47,0.43,0.47,0.43,0.47,0.43,0.47,0.12,0.12,0.47,0.12,0.32,0.12,0.47,0.3,0.1,0.47,0.37,0.52
1,1,1,1,1,2,3,3,3,3,3,3,3,3,3,3,3,3,3,3,3,3,3,3,3,3,3,3,3,3,3
09,09,30,45,00,02,01,02,02,04,04,29,29,30,31,31,32,32,33,34,34,35,35,36,36,37,37,38,38,39,06
0.07,0.1,0.05,0.07,0.05,1.4,0.38,0.38,0.5,0.57,0.33,0.47,0.5,0.47,0.37,0.17,0.2,0.47,0.38,0.32,0.57,0.32,0.47,0.43,0.57,0.32,0.47,0.43,0.47,0.23,0.17
1,1,1,1,2,2,2,2,3,3,3,3,3,3,3,3,3,3,3,3,3,3,3,3,3,3,3,3,3,3,3,3,3,3,3,3,3,3,3,3,3,3,3,3,3,3,3,3,3,3,3,3
09,30,45,00,04,43,44,21,07,07,07,07,08,08,09,09,10,10,11,11,12,12,13,13,14,14,15,15,16,16,17,46,47,47,48,48,49,49,50,50,51,51,52,52,53,53,54,54,55,55,56,32
0.22,0.07,0.07,0.07,0.05,1.43,0.05,2.1,0.12,0.28,0.12,0.4,0.38,0.47,0.37,0.4,0.53,0.52,0.38,0.52,0.38,0.57,0.33,0.52,0.38,0.47,0.38,0.52,0.43,0.52,0.23,0.12,0.47,0.47,0.43,0.57,0.32,0.57,0.32,0.42,0.48,0.52,0.37,0.52,0.38,0.47,0.43,0.52,0.38,0.52,0.17,0.12
1,1,1,1,2,3
09,30,45,00,06,00
0.2,0.08,0.07,0.08,0.05,0.22
1,1,1,1,1,1,1,1,1,1,2,3,3,3,3,3,3
09,09,21,30,37,38,38,39,45,24,07,22,36,37,37,37,07
0.08,0.1,6.63,1.07,0.07,0.07,0.4,0.58,0.73,0.32,15.85,0.57,0.17,0.12,0.23,0.12,0.2
1,1,1,1,2,2,2,3,3,3,3,3,3,3,3,3,3,3,3,3,3,3,3,3,3,3,3
25,25,44,19,27,48,50,08,08,09,09,10,10,10,13,15,15,18,25,26,26,43,43,45,45,46,17
0.32,0.35,0.07,38.08,8.95,0.2,3.57,0.47,0.2,0.52,0.2,0.12,0.35,0.32,0.18,0.1,0.12,0.13,0.25,0.23,0.22,0.47,0.23,0.42,0.12,0.12,0.12
1,1,2,3,3,3,3,3,3,3,3
57,57,29,17,23,53,54,54,55,57,30
0.73,46.68,1.57,0.18,0.12,0.45,0.42,0.32,0.12,0.12,0.17
1,1,1,1,2,2,2,2,2,2,2,2,2,2,2,2,2,2,3
44,57,59,59,31,34,35,36,37,39,45,45,45,46,46,46,46,47,07
13.0,2.28,0.03,15.07,1.58,0.2,0.13,0.7,1.32,2.22,0.03,0.03,0.03,0.05,0.05,0.05,0.03,38.1,0.17
1,1,1,1,1,1,1,1,1,1,1,1,1,1,1,1,1,1,1,1,1,1,1,1,1,1,1,1,1,1,1,1,1,1,1,1,1,1,1,1,1,1,1,1,1,1,1,1,1,1,1,1,2,2,3,3,3,3,3,3,3,3,3,3,3,3,3,3,3,3,3,3,3,3,3,3,3,3,3,3,3,3,3,3
15,23,26,26,27,28,29,31,31,31,32,33,33,34,36,37,38,39,40,40,40,41,44,44,44,45,45,45,46,46,47,50,51,53,54,54,55,55,56,56,57,58,58,58,58,59,59,59,59,59,59,59,25,26,13,13,13,14,14,15,15,16,16,17,17,18,18,19,19,20,20,45,45,46,46,46,47,47,48,48,50,51,53,22
7.83,2.18,0.23,0.55,1.15,0.22,1.38,0.55,0.12,0.75,0.3,0.27,1.1,0.97,1.28,0.78,0.62,0.37,0.05,0.45,0.33,2.73,0.47,0.05,0.13,0.12,0.18,1.1,0.03,0.5,3.38,0.6,1.65,1.25,0.18,0.87,0.03,0.1,0.47,0.75,0.37,0.22,0.13,0.05,0.1,0.15,0.08,0.25,0.15,0.07,0.05,0.05,0.05,36.85,0.12,0.17,0.28,0.23,0.5,0.35,0.55,0.1,0.1,0.37,0.38,0.1,0.65,0.57,0.12,0.17,0.5,0.12,0.1,0.1,0.12,0.1,0.27,0.47,0.45,0.2,0.17,0.32,0.23,0.12
1,1,1,1,1,1,1,1,1,1,1,1,1,1,1,1,1,1,1,1,1,1,1,1,1,1,1,1,1,1,1,1,1,1,1,1,2,2,3
00,00,00,01,03,04,04,04,04,09,10,18,18,23,25,26,27,27,38,38,39,39,39,40,40,41,41,41,45,46,52,55,55,57,57,06,16,53,02
0.13,0.12,1.07,0.8,0.82,0.12,0.03,0.13,0.87,0.75,8.08,0.1,4.92,1.57,0.7,0.4,0.55,10.15,0.13,0.27,0.1,0.25,0.95,0.05,0.03,0.07,0.07,0.03,0.15,0.03,0.18,0.05,0.72,0.07,0.4,0.03,24.67,25.62,0.2
1,1,1,1,1,1,1,1,1,1,1,1,1,1,1,1,1,1,1,1,1,1,1,1,1,1,1,1,1,2,2,3
08,09,09,11,12,12,12,30,43,43,43,43,43,44,44,44,44,45,45,45,50,56,56,56,57,57,57,57,58,32,29,22
0.08,0.07,0.13,0.27,0.2,0.03,0.03,0.07,0.05,0.12,0.07,0.05,0.08,0.03,0.03,0.45,0.58,0.05,0.08,5.02,5.42,0.38,0.08,0.3,0.18,0.03,0.05,0.88,1.67,26.03,9.3,0.17
1,1,1,1,1,1,1,1,1,1,1,1,1,1,1,1,1,1,1,1,1,1,2,2,2,3,3,3,3,3,3,3,3,3,3,3,3,3,3,3,3,3,3,3,3
00,00,00,01,20,23,24,25,26,31,34,36,39,40,41,42,57,57,57,57,59,59,39,44,58,23,23,23,52,52,53,53,54,54,55,55,56,56,56,57,57,58,59,59,06
0.25,0.12,0.52,18.28,2.6,0.85,0.9,0.3,4.92,2.72,2.03,2.02,1.4,0.85,0.7,14.7,0.07,0.03,0.08,1.65,0.07,0.88,3.78,1.1,9.98,0.12,0.28,0.23,0.28,0.47,0.18,0.55,0.18,0.52,0.3,0.4,0.12,0.28,0.2,0.12,0.13,0.23,0.12,0.12,0.12
1,1,1,1,1,1,1,1,1,1,1,1,1,1,1,1,1,1,1,2,3,3,3,3
00,04,05,05,06,07,07,07,07,08,08,08,09,09,10,11,13,14,25,57,08,38,39,19
3.28,1.08,0.25,0.22,0.72,0.27,0.15,0.03,0.5,0.05,0.05,0.43,0.33,0.62,0.58,0.2,0.05,11.15,43.7,9.07,0.12,0.18,0.12,0.17
1,1,1,1,2,2,2,2,2,2,2,3,3
09,30,45,00,06,08,09,15,15,15,09,22,21
11.02,0.12,0.1,0.08,0.07,0.88,5.6,0.12,0.05,0.27,0.6,0.2,0.32
1,1,1,1,1,2,3,3,3,3,3,3,3
09,09,30,45,00,37,22,24,27,54,54,59,59
0.1,0.12,0.08,0.08,0.08,1.45,0.47,0.12,0.12,0.12,0.1,0.12,0.23
1,1,1,1,1,2,3,3,3,3,3,3,3,3,3,3,3,3,3,3,3,3,3,3,3,3,3,3,3,3,3,3,3,3,3,3,3,3,3,3,3,3,3,3,3,3,3,3,3,3,3,3,3,3,3,3,3,3,3,3,3,3,3,3,3,3,3
09,09,30,45,00,22,00,00,01,01,01,02,02,03,03,03,04,04,04,05,05,06,06,07,07,07,08,08,09,09,10,10,11,18,21,26,29,29,30,31,31,36,39,40,40,41,41,42,42,43,43,44,44,44,45,45,46,46,46,47,47,48,49,49,49,56,06
0.1,0.17,0.08,0.08,0.08,4.72,0.3,0.43,0.47,0.12,0.27,0.28,0.1,0.12,0.23,0.25,0.12,0.12,0.32,0.17,0.55,0.35,0.42,0.17,0.35,0.12,0.22,0.47,0.33,0.5,0.17,0.4,0.17,0.12,0.18,0.12,0.1,0.12,0.22,0.12,0.1,0.12,0.12,0.28,0.5,0.23,0.52,0.52,0.38,0.12,0.28,0.17,0.12,0.37,0.12,0.48,0.12,0.52,0.2,0.33,0.5,0.52,0.45,0.12,0.25,0.12,0.2
1,1,1,1,1,2,2,2,3,3,3,3,3,3,3,3,3,3,3,3,3,3,3,3,3,3,3,3,3,3,3,3,3,3,3,3,3,3,3,3,3,3,3,3,3,3,3,3,3,3,3,3,3,3,3,3,3,3,3
09,09,30,45,00,26,27,07,18,19,19,20,20,20,20,21,21,22,23,23,23,24,24,25,25,25,26,27,27,28,28,29,29,30,30,30,31,31,32,32,51,52,52,53,53,54,54,55,55,56,56,56,57,57,58,58,59,59,59
0.1,0.15,0.1,0.1,0.1,0.03,0.1,0.67,0.12,0.12,0.32,0.1,0.12,0.1,0.27,0.57,0.22,0.57,0.23,0.33,0.32,0.1,0.37,0.12,0.52,0.2,0.57,0.52,0.23,0.17,0.3,0.52,0.12,0.1,0.28,0.5,0.12,0.4,0.35,0.13,0.17,0.33,0.2,0.4,0.5,0.42,0.17,0.52,0.38,0.18,0.23,0.43,0.47,0.32,0.57,0.32,0.1,0.52,0.2
1,1,1,1,1,2,2,2,2,2,2,3,3,3,3,3,3,3,3,3,3,3,3,3,3,3,3,3,3,3,3,3,3,3,3,3,3,3,3,3,3,3,3,3,3
09,09,30,45,00,35,36,38,38,40,45,00,00,01,01,01,02,02,30,30,31,31,32,32,33,33,34,34,35,35,36,36,37,37,38,38,39,39,40,40,41,41,42,42,22
0.08,0.13,0.1,0.1,0.1,0.47,0.05,0.1,0.08,0.08,0.03,0.47,0.38,0.33,0.23,0.27,0.52,0.32,0.17,0.65,0.57,0.27,0.47,0.43,0.57,0.32,0.57,0.25,0.57,0.32,0.42,0.48,0.47,0.43,0.52,0.43,0.47,0.32,0.52,0.32,0.57,0.32,0.47,0.42,0.2
1,1,1,1,1,2,2,2,2,2,2,2,2,2,2,2,2,2,2,2,2,2,2,2,2,2,2,2,2,2,2,2,2,2,2,2,2,2,2,2,2,2,2,2,2,2,2,2,2,2,2,2,2,2,2,2,2,2,3,3,3
09,09,30,45,00,45,45,45,45,45,45,46,48,48,48,48,49,49,50,51,51,51,52,52,52,53,53,53,54,54,54,55,55,55,55,56,56,56,56,56,56,56,57,57,57,57,57,57,58,58,58,58,59,59,59,59,59,59,23,23,11
0.1,0.17,0.07,0.08,0.08,0.07,0.03,0.05,0.03,0.07,0.22,0.43,0.05,0.22,0.05,0.07,0.22,0.05,0.05,0.05,0.2,0.05,0.05,0.23,0.05,0.05,0.05,0.05,0.05,0.22,0.05,0.07,0.2,0.03,0.03,0.05,0.03,0.05,0.25,0.08,0.17,0.15,0.07,0.08,0.1,0.15,0.03,0.05,0.03,0.23,0.27,0.08,0.08,0.03,0.05,0.3,0.15,0.23,0.12,0.12,0.32
1,1,1,1,1,2,2,2,2,2,2,2,2,2,2,2,2,2,2,2,2,2,2,2,2,2,2,2,2,2,2,2,2,2,2,2,2,2,2,2,2,2,2,2,2,2,2,2,2,2,2,2,2,2,2,2,2,2,2,2,2,2,2,2,2,2,2,2,2,2,2,2,2,2,2,2,2,2,2,2,2,3,3,3,3,3,3,3,3,3,3,3
09,09,30,45,00,00,01,02,02,03,03,03,04,04,04,05,05,05,05,05,06,06,06,06,06,06,06,06,07,09,10,10,10,11,11,11,12,12,12,12,13,13,13,13,13,14,14,14,14,15,15,15,15,16,16,16,16,17,17,17,17,20,21,21,22,22,22,23,23,23,24,31,32,33,33,33,33,34,34,34,51,12,12,13,13,14,14,15,16,17,59,12
0.1,0.13,0.08,0.07,0.07,0.45,0.05,0.25,0.25,0.25,0.27,0.25,0.25,0.25,0.25,0.27,0.05,0.12,0.18,0.1,0.05,0.1,0.07,0.22,0.12,0.12,0.05,0.33,0.9,0.15,0.25,0.25,0.25,0.25,0.25,0.25,0.27,0.25,0.08,0.15,0.05,0.12,0.23,0.07,0.43,0.13,0.03,0.03,0.08,0.03,0.03,0.03,0.03,0.03,0.05,0.1,0.05,0.07,0.1,0.07,0.05,0.85,0.03,0.07,0.07,0.07,0.03,0.05,0.03,0.15,0.05,0.25,0.03,0.03,0.03,0.03,0.03,0.03,0.03,0.03,11.83,0.45,0.17,0.28,0.17,0.12,0.17,0.12,0.12,0.12,0.12,0.17
1,1,1,2,2,3,3,3,3
09,09,24,25,00,13,13,14,14
0.08,0.1,0.07,10.38,1.07,0.52,0.17,0.17,0.12
1,2,2,2,2,2,2,2,2,3
21,02,05,08,10,35,38,41,08,07
0.23,1.13,1.15,1.2,1.07,2.3,2.47,3.88,11.25,0.23
1,1,1,1,1,1,1,1,1,1,1,1,1,1,2,2,3,3,3,3
22,22,23,23,27,29,29,30,30,42,44,45,53,59,39,05,07,58,58,47
0.22,0.2,0.23,0.3,0.07,0.2,0.05,0.03,12.27,2.53,0.08,8.57,5.5,16.93,0.5,0.05,0.18,0.17,0.2,0.18
1,1,1,1,1,1,1,1,2,2,2,2,2,2,2,2,2,2,2,2,2,2,2,2,2,2,2,2,2,2,2,2,2,2,2,2,2,2,2,2,2,2,2,2,2,2,2,2,2,2,2,2,2,2,2,2,2,2,2,2,2,2,2,2,2,2,2,2,2,2,3,3,3
16,16,16,25,27,34,34,39,05,09,10,11,11,11,12,12,12,13,13,13,13,14,14,15,15,15,16,16,17,20,20,21,21,22,22,22,22,22,22,22,22,22,23,23,24,24,31,32,32,32,32,32,32,32,32,32,33,33,33,33,33,33,33,33,33,34,34,34,44,01,47,48,36
0.05,0.13,8.97,1.22,7.13,0.07,1.57,1.8,0.07,0.67,0.05,0.03,0.05,0.05,0.05,0.05,0.03,0.05,0.1,0.1,0.1,0.5,0.07,0.05,0.05,0.03,0.05,0.05,0.05,0.07,0.72,0.05,0.05,0.07,0.1,0.07,0.05,0.05,0.03,0.05,0.03,0.12,0.03,0.17,0.08,0.3,0.27,0.03,0.05,0.07,0.07,0.03,0.07,0.03,0.05,0.05,0.05,0.03,0.17,0.05,0.07,0.07,0.03,0.03,0.1,0.1,0.12,0.22,9.07,0.53,0.2,0.12,0.12
1,1,2,3,3,3
40,43,09,39,39,52
0.1,0.03,1.07,0.47,0.37,0.42
1,1,1,1,1,1,1,1,2,2,3,3,3,3,3,3,3,3,3
43,43,45,57,57,57,58,00,12,28,53,53,54,54,54,55,55,55,00
0.07,0.05,0.15,0.03,0.03,0.03,0.05,0.03,9.52,0.07,0.12,0.22,0.18,0.18,0.32,0.12,0.12,0.27,0.12
1,1,1,1,1,1,1,1,1,1,1,1,1,1,1,1,1,1,1,1,1,1,1,1,1,1,1,1,1,1,1,1,1,1,2,3
00,00,01,01,01,02,02,02,02,03,03,03,04,04,04,04,04,05,05,05,05,06,07,37,37,38,38,38,38,39,39,39,39,39,05,20
0.18,0.15,0.08,0.17,0.03,0.03,0.07,0.07,0.03,0.05,0.12,0.1,0.27,0.08,0.03,0.03,0.03,0.03,0.03,0.03,0.03,0.28,30.18,0.03,0.03,0.22,0.03,0.03,0.03,0.03,0.07,0.03,0.05,25.65,0.03,0.27
1,1,1,1,1,1,2,2,3,3,3,3,3,3,3,3,3,3,3,3,3,3,3,3,3,3,3,3,3,3,3,3,3,3,3,3,3,3,3,3,3,3,3,3,3,3,3,3,3
09,10,10,30,45,00,05,22,30,30,31,31,32,39,42,43,43,44,44,45,45,46,46,47,47,48,48,49,49,50,50,51,51,52,52,53,53,54,54,55,55,56,56,57,57,58,58,59,59
0.5,0.13,0.07,0.08,0.08,0.1,0.05,0.22,0.47,0.25,0.52,0.37,0.23,0.18,0.37,0.33,0.6,0.17,0.57,0.57,0.38,0.52,0.38,0.47,0.48,0.47,0.38,0.47,0.43,0.47,0.43,0.47,0.43,0.57,0.32,0.57,0.33,0.47,0.27,0.52,0.38,0.33,0.5,0.52,0.38,0.42,0.48,0.42,0.48
1,1,1,1,2,3,3,3,3,3,3,3,3,3,3,3,3,3,3,3,3,3,3,3,3,3,3,3,3,3,3,3,3,3,3,3,3,3,3,3,3,3,3,3,3,3,3,3,3,3,3,3,3,3,3,3,3,3,3,3,3,3,3,3,3,3,3,3,3,3,3,3,3,3,3,3,3,3,3,3,3,3,3,3,3,3,3,3,3,3,3,3
09,30,45,00,00,00,00,01,06,06,07,07,08,12,12,12,13,17,18,18,18,19,20,20,21,21,21,22,22,23,23,23,24,24,25,25,25,26,26,27,27,27,28,28,29,29,29,30,30,30,31,31,32,32,32,33,33,34,34,35,35,36,36,37,37,38,38,39,39,40,40,46,49,52,53,53,54,54,54,55,55,56,56,56,57,57,58,58,58,59,59,59
0.35,0.1,0.15,0.15,0.05,0.57,0.32,0.47,0.42,0.32,0.47,0.32,0.42,0.12,0.12,0.12,0.12,0.17,0.12,0.12,0.27,0.12,0.57,0.27,0.25,0.25,0.32,0.42,0.4,0.18,0.3,0.32,0.32,0.37,0.17,0.12,0.4,0.32,0.23,0.32,0.12,0.22,0.42,0.4,0.12,0.12,0.38,0.17,0.32,0.22,0.32,0.32,0.23,0.37,0.2,0.17,0.37,0.52,0.35,0.37,0.32,0.42,0.45,0.35,0.4,0.52,0.38,0.42,0.45,0.37,0.32,0.12,0.12,0.12,0.52,0.38,0.17,0.37,0.27,0.37,0.37,0.22,0.12,0.45,0.37,0.37,0.4,0.25,0.27,0.37,0.13,0.33
1,1,1,1,1,2,2,3,3,3,3,3,3,3,3,3,3,3,3,3,3,3,3,3,3,3,3,3,3,3,3,3,3,3,3,3,3,3,3,3,3,3,3,3,3,3,3,3,3,3,3,3,3,3,3,3,3,3,3,3,3,3,3,3,3,3,3,3,3,3,3,3,3,3,3,3,3,3,3,3,3,3,3,3,3,3,3,3,3,3,3,3,3,3,3,3,3,3,3,3,3,3,3,3
09,10,30,45,00,40,11,00,00,00,01,01,02,02,02,03,03,03,04,04,04,05,05,06,06,07,07,08,08,09,09,09,10,10,11,11,12,12,12,13,13,14,14,14,14,15,15,15,27,27,27,27,28,28,28,29,29,30,30,31,31,32,32,33,33,34,34,35,35,36,36,37,37,38,38,39,39,40,40,41,41,41,42,42,43,43,43,43,44,44,45,45,46,46,47,47,48,48,49,49,50,57,57,00
0.57,0.03,0.17,0.13,0.13,0.05,1.48,0.17,0.32,0.33,0.42,0.45,0.1,0.37,0.33,0.17,0.37,0.2,0.28,0.12,0.4,0.32,0.12,0.17,0.12,0.13,0.12,0.12,0.22,0.32,0.13,0.22,0.23,0.35,0.12,0.38,0.3,0.3,0.2,0.42,0.25,0.25,0.12,0.18,0.2,0.37,0.25,0.2,0.12,0.22,0.17,0.2,0.32,0.18,0.32,0.42,0.32,0.42,0.32,0.3,0.32,0.42,0.37,0.47,0.12,0.42,0.32,0.42,0.32,0.42,0.32,0.42,0.32,0.47,0.33,0.42,0.32,0.42,0.32,0.32,0.13,0.4,0.37,0.32,0.17,0.12,0.23,0.2,0.37,0.45,0.47,0.4,0.42,0.45,0.47,0.38,0.42,0.45,0.37,0.37,0.52,0.12,0.2,0.17
1,1,1,1,2,2,2,3,3,3,3,3,3,3,3,3,3,3,3,3,3,3,3,3,3,3,3,3,3,3,3,3,3,3,3,3,3,3,3,3,3,3,3,3,3,3,3,3,3,3,3,3,3,3,3,3,3,3,3,3,3,3,3,3,3,3,3,3,3,3,3,3,3,3,3,3,3,3,3,3,3,3,3,3,3,3,3,3,3,3,3,3,3,3,3,3,3,3,3,3,3,3,3,3,3,3,3,3,3,3,3,3,3,3,3,3
09,30,45,00,12,32,07,00,00,01,01,02,04,04,04,05,05,05,05,06,06,07,07,08,08,09,09,09,10,10,10,10,11,11,12,12,13,13,13,14,14,14,15,15,16,16,17,17,18,18,19,19,20,20,21,21,21,22,22,23,23,24,24,25,25,34,37,38,38,39,39,40,40,41,41,41,42,42,43,43,44,44,45,45,46,46,46,47,47,48,48,49,49,50,50,51,51,51,52,52,53,53,54,54,54,55,55,56,56,57,57,58,58,59,59,00
0.3,0.13,0.15,0.13,0.07,6.22,0.12,0.12,0.17,0.12,0.17,0.1,0.12,0.17,0.37,0.12,0.12,0.18,0.2,0.13,0.32,0.37,0.33,0.42,0.38,0.28,0.32,0.22,0.12,0.12,0.25,0.22,0.42,0.45,0.37,0.4,0.42,0.23,0.22,0.23,0.32,0.27,0.37,0.32,0.42,0.45,0.37,0.32,0.42,0.38,0.32,0.32,0.42,0.37,0.37,0.32,0.2,0.42,0.32,0.42,0.32,0.42,0.33,0.32,0.18,0.27,0.52,0.42,0.32,0.42,0.37,0.47,0.45,0.42,0.13,0.28,0.42,0.37,0.42,0.32,0.42,0.45,0.37,0.32,0.32,0.32,0.2,0.3,0.37,0.42,0.3,0.47,0.32,0.47,0.32,0.17,0.32,0.27,0.47,0.4,0.47,0.4,0.42,0.2,0.22,0.42,0.45,0.42,0.32,0.37,0.4,0.47,0.33,0.42,0.25,0.42
1,1,1,1,2,3,3,3,3,3,3,3,3,3,3,3,3,3,3,3,3,3,3,3,3,3,3,3,3,3,3,3,3
09,30,45,00,01,00,01,12,13,13,14,14,15,15,16,16,17,17,18,18,19,19,20,20,21,21,22,22,23,23,37,38,18
0.33,0.15,0.13,0.17,0.35,0.38,0.17,0.38,0.42,0.45,0.42,0.32,0.47,0.45,0.42,0.32,0.42,0.32,0.42,0.32,0.47,0.37,0.42,0.32,0.42,0.45,0.37,0.37,0.57,0.23,0.27,0.23,0.42
1,1,1,1,2,3,3,3
09,30,45,00,10,18,33,06
0.33,0.13,0.15,0.15,0.03,0.18,0.47,0.13
1,1,1,1,2,2,3,3,3,3,3,3,3,3
09,30,45,00,52,08,26,28,28,28,29,36,55,50
0.33,0.15,0.13,0.13,0.1,0.22,0.1,0.22,0.3,0.22,0.1,0.12,0.1,0.5
1,1,1,1,2,2,2,2,2,3,3,3,3,3,3
09,30,45,00,09,11,12,46,14,51,51,52,53,53,56
0.32,0.15,0.13,0.13,0.23,0.07,0.77,0.03,0.18,0.12,0.18,0.12,0.1,0.12,0.3
1,1,1,2,2,2,2,2,2,2,3,3
07,09,20,14,18,20,20,23,23,03,57,24
0.45,0.3,0.22,3.98,0.93,0.12,2.0,0.03,0.68,0.82,0.12,0.37
1,1,1,1,1,1,1,1,1,1,1,1,1,1,1,2,2,2,2,2,2,2,3,3,3,3,3,3,3,3,3,3,3,3,3,3,3,3,3,3,3,3,3,3,3,3,3,3,3,3,3
20,21,21,22,22,26,30,30,30,33,34,36,48,53,14,07,10,12,12,14,28,04,25,25,26,26,27,27,28,28,29,29,30,30,31,31,32,32,33,33,34,55,55,56,56,57,57,58,58,59,59
0.22,0.22,0.22,0.22,0.3,0.07,0.17,0.35,2.63,1.2,1.95,11.5,4.17,0.67,0.1,0.82,0.88,0.12,1.98,0.92,12.93,1.5,0.45,0.33,0.4,0.2,0.5,0.37,0.52,0.38,0.4,0.27,0.52,0.38,0.52,0.33,0.52,0.38,0.52,0.38,0.18,0.12,0.1,0.42,0.27,0.42,0.48,0.47,0.43,0.57,0.32
2,2,3,3,3,3,3,3,3,3,3,3,3,3,3,3,3,3,3,3,3,3,3,3,3,3,3,3,3,3,3,3,3,3,3,3,3,3,3,3,3,3,3
39,15,00,00,01,01,02,02,03,03,04,04,05,05,06,06,07,07,08,36,37,37,38,38,38,39,39,40,40,41,41,42,42,43,43,44,44,45,46,46,47,47,18
1.38,1.45,0.47,0.43,0.57,0.33,0.47,0.43,0.42,0.48,0.52,0.32,0.57,0.33,0.52,0.37,0.47,0.43,0.47,0.12,0.18,0.47,0.18,0.23,0.38,0.52,0.2,0.52,0.32,0.52,0.18,0.4,0.55,0.23,0.52,0.42,0.55,0.47,0.57,0.22,0.47,0.18,0.12
2,2,3,3,3,3,3,3,3,3,3,3,3,3,3,3,3,3,3,3,3,3,3,3,3,3,3,3,3,3,3,3,3,3,3,3,3
51,27,18,19,19,20,20,20,21,21,22,22,23,23,24,24,50,50,51,51,52,52,53,54,54,54,55,55,56,56,57,57,58,58,59,59,59
1.47,1.43,0.12,0.52,0.32,0.12,0.12,0.6,0.47,0.43,0.47,0.43,0.52,0.38,0.42,0.48,0.1,0.17,0.12,0.12,0.12,0.18,0.32,0.22,0.12,0.2,0.12,0.32,0.3,0.25,0.28,0.1,0.38,0.2,0.4,0.23,0.2
2,2,2,2,3,3,3,3,3,3,3,3,3,3,3,3,3,3,3,3,3,3,3,3,3,3,3,3,3,3,3,3,3,3,3,3,3,3,3,3,3,3,3,3,3,3,3,3,3,3,3,3,3,3,3,3,3,3,3,3,3,3,3,3,3,3,3,3
28,36,53,38,00,00,01,01,02,02,03,03,04,05,05,06,06,07,07,08,08,09,09,10,10,11,11,12,12,13,13,14,37,37,37,38,38,39,39,40,40,41,41,42,42,43,43,44,44,45,45,46,46,47,47,48,48,49,49,50,50,51,51,52,52,53,53,16
0.03,3.15,0.22,0.08,0.52,0.32,0.52,0.38,0.52,0.37,0.57,0.32,0.4,0.47,0.23,0.42,0.55,0.47,0.45,0.52,0.38,0.47,0.43,0.57,0.32,0.52,0.37,0.52,0.37,0.52,0.37,0.35,0.17,0.12,0.2,0.35,0.42,0.52,0.17,0.23,0.37,0.52,0.38,0.35,0.55,0.47,0.43,0.47,0.43,0.47,0.43,0.47,0.43,0.57,0.32,0.57,0.32,0.52,0.37,0.47,0.43,0.47,0.43,0.47,0.43,0.57,0.12,0.25
2,2,2,3,3,3,3,3,3,3,3,3,3,3,3,3,3,3,3,3,3,3,3,3,3,3,3,3,3,3,3,3,3,3,3,3,3,3,3,3,3,3,3,3,3,3,3,3,3,3,3,3,3,3,3,3,3,3,3,3,3,3,3,3,3,3,3,3,3,3,3,3,3
38,41,56,17,17,18,18,18,19,19,20,20,21,21,22,22,22,23,23,24,24,25,25,25,26,26,27,27,28,28,29,37,38,38,38,40,41,41,42,42,43,43,43,44,44,45,45,46,47,47,47,48,48,49,49,50,50,51,51,51,52,52,53,53,54,54,54,54,55,55,56,56,12
2.97,1.72,5.48,0.33,0.37,0.12,0.52,0.2,0.52,0.37,0.45,0.43,0.52,0.18,0.47,0.18,0.2,0.52,0.37,0.28,0.47,0.12,0.33,0.37,0.57,0.32,0.23,0.52,0.52,0.32,0.22,0.22,0.12,0.12,0.12,0.12,0.52,0.38,0.3,0.45,0.28,0.23,0.37,0.52,0.27,0.52,0.27,0.17,0.57,0.12,0.2,0.42,0.48,0.42,0.28,0.57,0.27,0.4,0.17,0.2,0.47,0.12,0.52,0.12,0.12,0.17,0.12,0.37,0.52,0.38,0.52,0.25,0.33
2,2,2,3,3,3,3,3,3,3,3,3,3,3,3,3,3,3,3,3,3,3,3,3,3,3,3,3,3,3,3,3,3,3,3,3,3,3,3,3,3,3,3,3,3,3
01,49,25,12,13,13,13,14,15,17,18,18,19,19,20,20,21,21,22,22,23,23,32,33,35,35,36,36,37,37,38,38,39,39,41,42,43,43,44,44,45,46,46,55,55,06
0.05,0.5,0.32,0.33,0.33,0.12,0.17,0.17,0.17,0.12,0.52,0.38,0.52,0.37,0.52,0.37,0.52,0.38,0.52,0.38,0.42,0.48,0.32,0.52,0.12,0.18,0.57,0.38,0.52,0.28,0.47,0.28,0.12,0.17,0.3,0.47,0.22,0.28,0.12,0.25,0.27,0.28,0.28,0.12,0.12,0.37
2,3,3,3,3,3,3,3,3,3,3,3,3,3,3,3,3,3,3,3,3,3,3,3,3,3,3,3,3,3,3,3,3,3,3,3,3,3,3,3
00,07,07,09,09,10,12,13,16,25,29,30,31,31,32,32,34,34,35,35,36,37,38,38,39,39,40,53,54,54,55,55,56,56,57,57,58,58,59,59
0.27,0.28,0.35,0.18,0.27,0.28,0.48,0.12,0.12,0.12,0.4,0.38,0.57,0.32,0.47,0.43,0.47,0.43,0.47,0.43,0.5,0.38,0.47,0.43,0.47,0.45,0.47,0.43,0.47,0.45,0.47,0.43,0.47,0.43,0.52,0.38,0.52,0.38,0.52,0.38
2,2,2,2,3,3,3,3,3,3,3,3,3,3,3,3,3,3,3,3,3,3,3,3,3,3,3,3,3,3,3,3,3,3,3,3,3,3,3,3,3,3,3,3,3,3,3,3,3,3,3
00,36,36,24,00,00,01,01,02,02,03,03,04,04,24,25,25,26,26,27,27,28,28,29,29,30,30,31,31,32,32,33,33,34,34,35,41,53,53,54,54,55,55,56,56,57,57,58,58,59,59
0.03,0.03,0.17,0.03,0.52,0.38,0.52,0.38,0.42,0.48,0.52,0.37,0.52,0.17,0.55,0.57,0.33,0.47,0.43,0.47,0.43,0.47,0.43,0.57,0.32,0.57,0.32,0.57,0.32,0.57,0.32,0.52,0.37,0.52,0.37,0.17,0.17,0.42,0.25,0.52,0.37,0.52,0.38,0.57,0.27,0.47,0.43,0.47,0.43,0.52,0.43
2,2,3,3,3,3,3,3,3,3,3,3,3,3,3,3,3,3,3,3,3,3,3,3,3,3,3,3,3
24,10,00,00,01,01,02,02,03,03,26,27,27,28,29,29,30,30,32,32,33,34,34,35,36,36,46,52,12
0.03,3.15,0.47,0.43,0.52,0.37,0.52,0.38,0.52,0.23,0.2,0.52,0.32,0.28,0.12,0.2,0.52,0.28,0.47,0.27,0.17,0.22,0.37,0.57,0.12,0.12,0.23,0.12,0.42
2,2,2,3,3
22,38,54,12,14
6.73,14.2,20.43,0.28,0.2
2,2,3,3,3,3,3,3,3,3,3,3,3,3,3,3,3,3,3,3,3,3,3,3,3,3,3
43,33,15,15,15,16,16,44,45,45,46,46,46,47,47,48,48,48,49,49,50,50,53,54,54,55,22
4.68,0.03,0.17,0.23,0.42,0.52,0.23,0.12,0.3,0.2,0.28,0.18,0.27,0.4,0.48,0.23,0.12,0.35,0.52,0.23,0.47,0.12,0.27,0.45,0.12,0.22,0.2
2,3,3,3,3,3,3,3,3,3,3,3,3,3,3,3,3,3,3,3,3,3,3,3,3,3,3,3,3,3,3,3,3,3,3,3,3,3,3,3,3,3,3,3,3,3,3,3
14,23,23,24,24,24,25,25,26,26,26,27,27,27,28,28,29,29,29,30,30,31,31,32,32,33,33,34,34,35,35,36,36,37,37,38,38,39,39,40,40,41,41,42,42,43,43,07
0.4,0.35,0.12,0.35,0.18,0.2,0.23,0.28,0.12,0.12,0.4,0.2,0.47,0.43,0.22,0.42,0.2,0.28,0.42,0.28,0.53,0.52,0.17,0.12,0.2,0.35,0.5,0.47,0.25,0.47,0.28,0.47,0.32,0.57,0.27,0.4,0.32,0.47,0.43,0.52,0.32,0.47,0.23,0.17,0.52,0.42,0.35,0.47
2,2,3,3,3
37,15,10,45,39
12.13,11.57,0.12,0.1,0.1
2,3,3,3
56,39,39,17
11.33,0.47,0.2,0.1
2,2,3,3,3,3
37,20,55,56,56,34
11.1,11.48,0.17,0.22,0.17,0.1
2,3
54,13
8.85,0.17
2,2,2,2,3,3,3,3,3,3,3,3,3,3,3,3,3,3,3,3,3,3,3,3,3,3
03,14,22,55,14,34,35,36,37,42,44,53,53,54,54,55,55,56,56,57,57,58,58,59,59,00
10.03,7.97,7.05,3.42,0.12,0.18,0.17,0.23,0.28,0.18,0.17,0.52,0.32,0.47,0.43,0.52,0.33,0.42,0.45,0.42,0.32,0.42,0.45,0.37,0.32,0.42
2,3,3,3,3,3,3,3,3,3,3,3,3,3,3,3,3,3,3,3,3,3,3,3,3,3,3,3,3,3,3,3,3,3,3,3,3,3,3,3,3,3,3,3,3,3,3,3,3,3,3,3,3,3,3,3,3,3,3,3,3,3,3,3,3,3,3,3,3,3,3,3,3,3,3,3,3,3,3,3,3,3,3,3,3,3,3,3
59,00,01,01,02,02,03,03,04,04,05,05,05,06,06,06,07,07,08,08,08,09,10,10,10,11,12,12,13,13,14,14,15,15,16,16,17,17,18,18,19,19,20,20,21,21,22,22,23,23,24,24,25,25,26,26,27,27,28,28,29,29,30,30,31,32,32,33,33,34,35,35,36,36,37,37,38,38,39,39,40,40,41,41,42,59,59,59
0.85,0.45,0.47,0.38,0.42,0.45,0.37,0.32,0.42,0.37,0.37,0.32,0.2,0.42,0.32,0.37,0.32,0.2,0.42,0.32,0.47,0.45,0.42,0.32,0.47,0.45,0.42,0.32,0.42,0.45,0.37,0.32,0.42,0.45,0.37,0.32,0.42,0.45,0.37,0.32,0.42,0.37,0.42,0.5,0.52,0.38,0.47,0.43,0.47,0.43,0.42,0.48,0.52,0.38,0.52,0.38,0.52,0.38,0.52,0.37,0.52,0.37,0.52,0.37,0.48,0.47,0.43,0.57,0.47,0.48,0.47,0.43,0.52,0.38,0.42,0.45,0.57,0.32,0.62,0.27,0.52,0.33,0.42,0.37,0.12,0.37,0.23,0.2
2,2,2,2,3,3,3,3,3,3,3,3,3,3,3,3,3,3,3,3,3,3,3,3,3,3,3,3,3,3,3,3,3,3,3,3,3,3,3,3,3,3,3,3,3,3,3,3,3,3,3,3,3,3
00,11,28,06,00,00,01,02,02,03,27,28,28,29,29,30,30,30,31,31,32,32,32,32,33,34,34,34,35,35,36,36,37,37,38,39,39,39,40,40,41,42,42,43,43,43,44,44,44,45,46,47,49,06
10.72,6.35,22.77,8.18,0.12,0.32,0.12,0.12,0.22,0.12,0.38,0.47,0.4,0.42,0.45,0.42,0.32,0.47,0.18,0.2,0.22,0.32,0.12,0.35,0.18,0.28,0.32,0.27,0.13,0.32,0.37,0.18,0.12,0.27,0.18,0.23,0.2,0.13,0.12,0.18,0.23,0.25,0.22,0.12,0.13,0.13,0.12,0.18,0.38,0.1,0.12,0.2,0.12,0.45
2,2,2,2,3,3,3,3,3,3,3,3,3,3,3,3
14,35,48,56,06,07,14,16,17,19,23,24,31,43,52,06
0.38,0.65,1.13,18.32,0.27,0.12,0.18,0.25,0.25,0.12,0.22,0.23,0.12,0.17,0.12,0.12
2,2,2,2,3,3,3,3,3,3,3,3,3,3,3,3,3,3,3,3,3,3,3,3,3,3,3,3,3,3,3,3,3,3,3,3,3,3,3,3,3,3,3,3,3,3,3,3,3,3,3,3
15,26,31,06,06,07,07,08,08,09,09,10,10,11,11,12,12,13,13,27,27,28,28,29,29,30,30,31,31,32,32,33,33,34,34,35,35,36,36,37,37,38,52,53,54,55,55,56,57,57,58,00
3.6,0.72,0.55,0.65,0.2,0.57,0.32,0.57,0.32,0.42,0.48,0.57,0.32,0.57,0.32,0.52,0.38,0.47,0.43,0.12,0.12,0.12,0.55,0.42,0.43,0.47,0.43,0.23,0.52,0.57,0.38,0.52,0.37,0.52,0.38,0.52,0.38,0.52,0.38,0.57,0.27,0.18,0.57,0.38,0.12,0.17,0.25,0.33,0.23,0.23,0.28,0.52
2,2,3,3,3,3,3,3,3,3,3,3,3,3,3,3,3,3
45,25,00,02,02,02,03,04,04,15,15,16,18,18,24,28,29,01
0.72,0.7,0.38,0.17,0.28,0.25,0.28,0.22,0.32,0.17,0.2,0.28,0.42,0.18,0.12,0.2,0.12,0.12
2,3,3,3,3,3,3,3,3,3,3,3,3,3,3,3,3,3,3,3,3,3,3,3,3,3,3
04,01,01,04,04,09,17,18,18,19,19,21,22,22,40,40,41,43,43,44,46,46,47,49,49,50,08
0.68,0.12,0.28,0.12,0.17,0.22,0.1,0.12,0.42,0.52,0.32,0.27,0.42,0.48,0.52,0.38,0.42,0.52,0.38,0.4,0.52,0.43,0.45,0.47,0.48,0.4,0.2
2,2,3,3,3,3,3,3,3,3,3,3,3,3,3,3,3,3,3,3,3,3,3,3,3,3,3,3,3,3,3,3,3,3,3,3,3,3,3,3,3
44,24,08,08,09,09,10,11,12,12,12,13,13,15,15,16,16,17,37,37,38,38,39,39,40,40,41,41,42,42,43,43,44,44,45,45,46,46,47,59,00
0.72,0.63,0.52,0.38,0.47,0.43,0.18,0.42,0.2,0.57,0.32,0.52,0.17,0.57,0.33,0.4,0.48,0.45,0.52,0.37,0.47,0.43,0.47,0.43,0.47,0.43,0.47,0.43,0.57,0.32,0.57,0.32,0.47,0.43,0.47,0.43,0.57,0.32,0.38,0.12,0.37
2,2,3,3,3,3,3,3,3,3,3,3,3,3,3,3,3,3,3,3,3,3,3,3,3,3,3,3,3,3,3,3,3,3,3,3,3,3,3,3,3,3,3,3,3,3,3,3,3,3,3,3,3,3,3,3,3,3,3
39,11,01,01,02,02,03,03,04,04,05,05,06,06,07,07,08,08,09,09,10,10,11,11,12,12,13,29,29,30,30,31,31,32,32,33,33,34,34,35,35,36,36,37,37,38,38,39,39,40,40,40,41,41,42,42,43,43,45
20.65,3.0,0.57,0.38,0.52,0.25,0.52,0.38,0.47,0.43,0.52,0.37,0.52,0.37,0.52,0.38,0.52,0.38,0.23,0.65,0.28,0.48,0.47,0.32,0.12,0.57,0.4,0.47,0.32,0.57,0.32,0.52,0.23,0.42,0.48,0.47,0.5,0.52,0.32,0.47,0.38,0.23,0.65,0.42,0.48,0.42,0.48,0.17,0.47,0.2,0.47,0.43,0.52,0.38,0.47,0.43,0.42,0.48,0.32
2,2,3,3,3,3,3,3,3,3,3
23,31,45,46,47,47,48,49,51,56,09
7.42,2.52,0.13,0.12,0.12,0.13,0.12,0.12,0.22,0.4,0.12
2,2,2,2,2,2,2,3,3,3,3,3,3,3,3,3,3,3,3,3,3,3,3,3,3,3,3,3,3,3,3,3,3,3,3,3,3,3,3,3,3,3,3,3,3,3,3,3,3,3,3,3,3,3,3,3,3,3
35,40,41,41,42,45,16,09,10,11,11,11,12,12,12,13,13,14,14,15,18,18,18,19,19,20,20,21,21,21,22,22,23,23,24,24,24,25,25,26,26,27,27,28,28,29,29,30,30,31,31,32,32,33,33,34,34,00
0.48,0.13,0.58,1.13,2.23,10.33,10.67,0.12,0.12,0.2,0.35,0.12,0.17,0.12,0.17,0.42,0.48,0.28,0.12,0.23,0.42,0.17,0.1,0.35,0.35,0.52,0.23,0.12,0.42,0.38,0.52,0.38,0.47,0.37,0.17,0.33,0.32,0.4,0.48,0.52,0.27,0.57,0.33,0.35,0.48,0.42,0.48,0.47,0.32,0.57,0.28,0.52,0.27,0.47,0.43,0.47,0.23,0.12
2,2,3,3
53,54,37,13
0.53,6.47,0.1,0.12
2,2,3
30,06,24
0.05,0.03,0.52
2,2,2,2,3,3,3,3,3,3,3,3,3,3,3,3,3,3,3,3,3,3,3,3,3,3,3,3,3
07,08,08,02,24,25,25,26,26,26,27,27,27,27,27,28,28,28,29,29,29,30,30,31,34,34,37,43,11
0.2,0.03,0.03,0.12,0.12,0.28,0.55,0.12,0.12,0.12,0.18,0.12,0.23,0.12,0.12,0.17,0.17,0.12,0.2,0.17,0.17,0.12,0.22,0.18,0.12,0.12,0.12,0.2,0.25
2,2,3,3,3,3,3,3
22,03,12,50,51,51,51,28
0.43,0.07,0.12,0.12,0.17,0.12,0.12,0.32
2,2,2,2,3,3
03,42,43,22,28,19
0.43,0.62,0.03,0.63,0.1,0.25
2,2,2,2,2,3,3
52,58,58,58,38,19,02
6.22,0.18,0.03,0.03,0.87,0.13,0.32
2,3,3,3,3,3,3,3,3,3,3,3,3,3,3,3,3,3,3,3,3,3,3,3,3,3,3,3,3,3,3,3,3,3,3,3,3,3,3,3,3,3,3,3,3,3,3,3
18,02,03,25,25,26,26,27,27,28,28,29,29,30,30,31,31,32,32,33,33,34,34,35,35,36,36,37,50,50,51,51,52,52,53,53,54,54,55,55,56,56,56,57,57,58,58,11
0.75,0.2,0.57,0.52,0.38,0.47,0.43,0.47,0.43,0.47,0.43,0.42,0.48,0.42,0.48,0.57,0.33,0.52,0.38,0.52,0.38,0.42,0.48,0.42,0.48,0.57,0.32,0.52,0.42,0.32,0.42,0.43,0.57,0.33,0.37,0.37,0.42,0.32,0.42,0.32,0.42,0.32,0.2,0.47,0.38,0.42,0.45,0.47
2,2,2,2,2,2,2,2,2,2,2,3,3,3,3,3,3,3,3,3,3,3,3,3,3,3,3,3,3,3,3,3,3,3,3,3,3,3,3,3,3,3,3,3,3,3,3
34,34,49,49,49,49,49,49,49,50,51,12,12,13,13,14,14,15,15,16,16,17,17,18,18,19,19,20,20,20,21,21,22,22,23,23,24,24,25,25,26,26,27,27,28,33,34
0.05,13.05,0.03,0.03,0.03,0.15,0.1,0.05,0.17,0.93,30.68,0.47,0.38,0.42,0.45,0.47,0.4,0.42,0.45,0.47,0.4,0.42,0.45,0.37,0.32,0.42,0.37,0.37,0.32,0.2,0.42,0.32,0.47,0.45,0.42,0.32,0.47,0.45,0.42,0.32,0.47,0.37,0.42,0.32,0.23,0.12,0.37
2,2,2,2,2,3,3,3,3,3,3,3,3,3
33,47,51,53,11,34,35,35,36,36,37,37,38,25
6.37,2.65,1.98,4.95,18.18,0.2,0.52,0.37,0.52,0.38,0.52,0.38,0.47,0.22
2,2,3,3,3,3,3,3,3,3,3,3,3,3,3,3,3,3,3,3,3,3,3,3,3,3,3,3,3,3,3,3,3,3,3,3,3,3,3,3,3,3,3,3,3,3,3,3,3,3,3,3,3,3,3,3,3,3,3,3,3,3,3,3,3,3,3
31,50,26,26,30,30,30,31,31,32,32,32,33,33,33,34,34,35,35,36,36,36,37,37,38,38,39,39,40,40,41,41,44,44,45,45,45,46,46,46,47,47,48,48,48,49,49,50,50,51,51,52,52,53,53,54,54,55,55,56,56,57,57,58,58,59,59
7.53,28.28,0.12,0.4,0.17,0.17,0.12,0.28,0.33,0.23,0.17,0.42,0.17,0.28,0.43,0.47,0.23,0.17,0.57,0.22,0.28,0.27,0.47,0.23,0.12,0.28,0.28,0.4,0.47,0.37,0.35,0.55,0.33,0.35,0.28,0.23,0.25,0.47,0.17,0.2,0.28,0.47,0.17,0.47,0.25,0.52,0.37,0.45,0.43,0.52,0.38,0.52,0.38,0.47,0.43,0.47,0.37,0.52,0.37,0.42,0.48,0.52,0.38,0.47,0.43,0.52,0.37
2,3,3,3,3,3,3,3,3,3,3,3,3,3,3,3,3,3,3,3,3,3,3,3,3,3,3,3,3,3,3,3,3,3,3,3,3,3,3,3,3,3,3,3,3,3,3,3,3,3,3,3,3,3,3,3,3,3,3,3,3,3,3,3,3,3
25,00,00,01,01,02,02,03,03,04,04,05,05,06,06,07,07,08,08,09,09,10,10,11,11,12,12,13,13,14,14,34,35,35,36,36,37,37,38,38,39,39,40,40,41,41,42,42,43,43,44,44,45,45,46,46,47,47,48,48,49,49,50,50,51,12
2.07,0.52,0.37,0.42,0.48,0.57,0.32,0.57,0.32,0.52,0.38,0.47,0.37,0.52,0.43,0.47,0.38,0.52,0.38,0.52,0.38,0.47,0.43,0.42,0.48,0.52,0.37,0.52,0.38,0.47,0.43,0.37,0.52,0.38,0.47,0.43,0.42,0.48,0.57,0.32,0.47,0.43,0.47,0.43,0.47,0.43,0.52,0.37,0.47,0.42,0.42,0.48,0.47,0.43,0.57,0.32,0.52,0.38,0.47,0.38,0.47,0.48,0.47,0.38,0.47,0.23
2,3,3,3,3,3,3,3,3,3,3,3,3,3,3,3,3,3,3,3,3,3,3,3,3,3,3
11,12,13,13,14,14,15,15,16,16,17,17,18,18,19,19,20,20,21,21,22,22,23,23,24,24,34
0.05,0.38,0.52,0.38,0.52,0.43,0.47,0.38,0.52,0.37,0.52,0.38,0.52,0.37,0.52,0.37,0.57,0.32,0.52,0.38,0.52,0.37,0.52,0.38,0.47,0.28,0.12
2,2,3
50,08,37
8.68,3.6,0.22
2,2,2,2,2,3,3
11,13,14,30,13,38,46
0.95,1.32,6.22,0.28,0.67,0.27,0.12
2,3
07,20
0.87,0.12
2,2,3,3,3,3,3
58,47,21,53,53,54,27
0.85,0.87,0.2,0.1,0.17,0.17,0.12
2,3,3
35,28,01
0.85,0.12,0.28
2,2,2,3,3
38,39,52,02,51
0.08,1.08,9.42,0.12,0.3
2,2,2,2,2,2,2,3,3
02,02,02,18,32,48,18,58,00
0.05,0.27,0.22,0.35,1.38,6.55,1.87,0.17,0.17
2,3,3,3,3,3,3,3,3,3,3,3,3,3,3,3,3,3,3,3,3,3,3,3,3,3,3,3,3,3,3,3,3,3,3,3,3,3,3,3,3,3,3,3,3,3,3,3,3,3,3,3,3
53,00,10,11,11,12,12,13,13,14,14,15,15,16,16,17,18,23,24,24,25,25,26,26,27,27,28,28,29,29,30,30,31,31,32,32,33,33,34,34,35,35,36,55,55,56,56,57,57,58,58,59,59
8.38,0.2,0.25,0.52,0.37,0.52,0.38,0.52,0.38,0.52,0.38,0.47,0.43,0.42,0.33,0.27,0.12,0.33,0.52,0.37,0.52,0.38,0.57,0.32,0.52,0.38,0.52,0.38,0.52,0.38,0.47,0.43,0.47,0.43,0.47,0.43,0.47,0.43,0.52,0.37,0.52,0.38,0.45,0.47,0.37,0.52,0.38,0.57,0.32,0.52,0.37,0.52,0.38
2,3,3,3,3,3,3,3,3,3,3,3,3,3,3,3,3,3,3,3,3,3,3,3,3,3,3,3,3,3,3,3,3,3,3,3,3,3,3,3,3,3,3,3,3,3,3,3,3,3,3
29,00,00,01,01,02,02,03,03,04,04,05,05,06,06,07,07,08,08,09,09,30,31,31,32,32,33,33,34,34,35,35,36,36,37,37,38,38,39,39,40,40,41,41,42,42,43,43,44,44,06
0.07,0.47,0.43,0.47,0.43,0.47,0.43,0.52,0.38,0.52,0.38,0.52,0.38,0.52,0.38,0.52,0.38,0.42,0.5,0.52,0.37,0.48,0.22,0.25,0.57,0.32,0.47,0.43,0.4,0.43,0.57,0.32,0.57,0.27,0.52,0.37,0.47,0.23,0.52,0.43,0.23,0.53,0.23,0.55,0.12,0.47,0.52,0.37,0.52,0.38,0.42
2,2,2,2,3,3,3,3,3,3,3,3,3,3,3,3,3,3,3,3,3,3,3,3,3,3,3,3,3,3,3,3,3,3,3,3,3,3,3,3,3,3
41,45,49,42,06,07,08,09,10,14,16,41,41,42,42,43,43,44,44,45,45,46,46,46,47,47,48,48,48,49,49,50,50,51,51,52,52,53,53,53,54,15
2.98,3.03,1.48,11.18,0.12,0.3,0.32,0.12,0.12,0.12,0.17,0.47,0.5,0.52,0.38,0.52,0.27,0.28,0.48,0.47,0.43,0.3,0.28,0.25,0.57,0.32,0.12,0.47,0.25,0.57,0.32,0.28,0.47,0.57,0.38,0.47,0.32,0.18,0.47,0.2,0.57,0.37
2,3,3,3,3,3,3,3,3,3,3,3,3,3,3,3,3,3,3,3,3,3,3,3,3,3,3,3,3,3,3,3,3,3,3,3,3,3,3,3,3,3,3,3,3,3,3,3,3,3,3,3,3,3,3,3,3,3,3,3,3,3,3,3,3,3,3,3,3,3,3,3,3,3,3,3,3,3,3,3,3,3,3,3,3,3,3,3,3,3,3,3,3,3,3,3,3,3,3,3,3
41,16,16,17,17,18,18,19,20,20,21,21,22,22,23,23,24,24,25,25,26,26,27,27,28,28,29,29,30,30,31,31,32,32,32,33,33,34,34,34,35,35,35,36,36,37,37,37,38,38,39,39,39,40,40,41,41,42,42,42,43,43,43,44,44,44,45,45,46,46,46,47,47,47,48,48,49,49,50,50,51,51,52,52,53,53,54,54,55,55,56,56,57,57,57,58,58,58,59,59,59
1.05,0.47,0.43,0.47,0.43,0.57,0.12,0.38,0.52,0.38,0.47,0.43,0.42,0.48,0.52,0.32,0.57,0.32,0.52,0.37,0.42,0.5,0.42,0.45,0.47,0.23,0.57,0.2,0.35,0.48,0.23,0.55,0.17,0.23,0.37,0.33,0.42,0.1,0.28,0.22,0.42,0.12,0.25,0.47,0.3,0.18,0.17,0.55,0.47,0.43,0.17,0.4,0.27,0.17,0.6,0.57,0.32,0.12,0.12,0.47,0.12,0.12,0.5,0.22,0.28,0.27,0.33,0.17,0.42,0.18,0.2,0.12,0.42,0.17,0.57,0.38,0.47,0.43,0.47,0.37,0.57,0.32,0.57,0.32,0.52,0.38,0.47,0.45,0.42,0.43,0.47,0.43,0.47,0.17,0.2,0.33,0.12,0.38,0.42,0.12,0.12
2,2,2,3,3,3,3,3,3,3,3,3,3,3,3,3,3,3,3,3,3,3,3,3
44,46,00,00,00,01,01,01,02,02,02,03,03,04,04,05,05,05,06,06,06,07,20,24
1.03,0.38,0.28,0.28,0.32,0.45,0.12,0.12,0.23,0.17,0.38,0.47,0.27,0.17,0.5,0.12,0.17,0.27,0.18,0.17,0.43,0.28,0.12,0.2
2,2,3
33,14,59
0.38,0.08,0.12
2,2,2,2,2,2,3,3,3,3,3,3,3,3,3,3,3,3,3,3,3,3,3,3,3,3,3,3,3,3,3,3,3,3,3,3,3,3,3,3,3,3,3,3,3,3,3,3,3,3,3,3,3,3,3,3,3,3
15,15,15,49,49,25,00,04,22,24,25,25,26,26,26,27,27,27,28,28,29,29,30,31,31,31,32,32,32,33,33,34,34,35,35,36,36,37,37,38,38,39,39,40,40,41,41,41,42,42,43,43,44,44,45,46,46,08
0.05,0.05,0.03,0.07,0.27,0.05,0.37,0.13,0.12,0.22,0.57,0.1,0.12,0.12,0.2,0.28,0.12,0.37,0.12,0.47,0.57,0.37,0.52,0.12,0.35,0.17,0.22,0.17,0.43,0.57,0.22,0.52,0.12,0.52,0.37,0.52,0.38,0.52,0.32,0.12,0.57,0.52,0.38,0.52,0.37,0.22,0.23,0.38,0.52,0.12,0.57,0.38,0.47,0.43,0.42,0.32,0.33,0.38
2,3,3,3,3
37,09,44,44,22
0.03,0.12,0.23,0.17,0.2
2,2,3,3,3,3
37,13,53,53,53,27
0.07,0.05,0.12,0.12,0.25,0.23
2,2,2,2,3
13,50,52,01,34
0.03,0.03,5.78,20.87,0.12
2,2,3,3
28,06,37,08
0.18,0.03,0.12,0.47
2,2,2,2,2,2,2,2,2,2,2,2,2,2,2,2,2,2,2,2,2,2,2,2,2,2,2,2,2,2,2,3,3,3,3,3,3,3,3,3,3,3,3,3,3,3,3,3,3,3,3,3,3,3,3,3,3,3,3,3,3,3,3,3,3,3,3,3,3
12,19,19,20,20,20,20,20,20,20,20,20,20,21,21,21,21,21,21,21,21,21,22,22,22,22,22,22,22,22,02,08,08,09,09,18,18,18,19,19,20,20,31,32,32,33,33,34,34,35,35,36,36,37,37,38,38,39,39,40,40,41,41,42,42,43,43,44,04
2.88,0.03,0.03,0.03,0.03,0.03,0.05,0.05,0.07,0.07,0.05,0.05,0.07,0.05,0.08,0.05,0.03,0.05,0.03,0.03,0.03,0.03,0.05,0.07,0.03,0.03,0.05,0.42,0.05,8.0,1.27,0.12,0.17,0.17,0.12,0.17,0.23,0.23,0.35,0.18,0.52,0.38,0.32,0.52,0.43,0.57,0.32,0.52,0.37,0.52,0.37,0.47,0.37,0.52,0.38,0.52,0.38,0.47,0.43,0.42,0.48,0.47,0.43,0.47,0.43,0.47,0.43,0.57,0.25
2,2,3,3,3,3,3,3,3,3,3,3,3,3,3,3,3,3,3,3,3,3,3,3,3,3,3,3,3,3,3,3,3,3,3,3,3,3,3,3,3,3,3,3,3,3,3,3,3,3,3,3,3,3,3,3,3,3,3,3,3,3,3
44,07,05,05,06,06,07,07,08,08,09,09,10,10,11,11,12,12,13,13,14,14,15,15,16,16,17,17,18,18,39,39,39,40,40,41,41,42,42,43,43,43,44,44,44,45,45,46,46,47,47,48,48,49,49,50,50,51,51,52,52,56,12
1.02,11.32,0.57,0.32,0.62,0.27,0.47,0.43,0.57,0.32,0.57,0.32,0.52,0.38,0.52,0.38,0.52,0.38,0.52,0.38,0.52,0.37,0.52,0.37,0.52,0.37,0.57,0.32,0.57,0.32,0.12,0.12,0.17,0.47,0.48,0.52,0.32,0.42,0.22,0.2,0.52,0.2,0.12,0.23,0.27,0.47,0.43,0.47,0.43,0.3,0.6,0.42,0.48,0.57,0.32,0.57,0.32,0.47,0.43,0.12,0.23,0.12,0.27
2,2,3,3,3,3,3,3,3,3,3,3,3,3,3,3,3,3,3,3,3,3,3,3,3,3,3,3,3,3,3,3,3,3,3,3,3,3,3,3,3,3,3,3
44,38,13,13,13,14,17,18,18,19,21,22,23,24,24,25,25,26,46,47,47,47,48,48,49,49,49,50,50,51,52,52,52,52,53,54,54,54,55,55,55,56,56,00
10.72,10.92,0.12,0.17,0.23,0.17,0.12,0.12,0.12,0.12,0.17,0.17,0.17,0.12,0.18,0.12,0.1,0.17,0.42,0.2,0.33,0.55,0.35,0.18,0.23,0.17,0.23,0.12,0.3,0.52,0.2,0.35,0.23,0.27,0.23,0.22,0.1,0.12,0.2,0.28,0.17,0.23,0.12,0.18
2,3,3,3,3,3,3,3,3,3,3,3,3
17,00,01,03,03,08,09,32,32,32,33,36,06
10.83,0.12,0.17,0.17,0.2,0.1,0.12,0.18,0.18,0.2,0.12,0.12,0.5
2,3,3,3,3,3,3,3,3,3,3,3,3,3,3,3,3,3,3,3,3,3,3,3,3,3,3,3,3,3,3,3,3
55,07,07,08,08,09,10,11,12,14,15,16,19,40,40,41,41,42,42,42,43,43,44,44,44,44,45,45,46,46,47,50,13
10.88,0.47,0.43,0.22,0.18,0.2,0.1,0.23,0.12,0.12,0.12,0.12,0.1,0.42,0.48,0.28,0.43,0.3,0.12,0.17,0.3,0.17,0.12,0.13,0.18,0.25,0.28,0.12,0.17,0.12,0.12,0.12,0.47
2,2,2,3,3,3,3,3,3,3,3,3,3,3,3,3,3,3,3,3,3,3,3,3,3,3,3,3,3,3,3,3,3,3,3,3,3,3
34,45,13,13,14,14,14,15,15,16,16,17,18,18,18,46,46,47,47,48,49,50,52,53,54,55,55,55,55,55,56,56,57,57,58,58,58,19
10.87,0.2,11.07,0.32,0.23,0.12,0.5,0.12,0.12,0.17,0.17,0.17,0.17,0.18,0.17,0.17,0.47,0.12,0.2,0.17,0.18,0.12,0.27,0.12,0.18,0.2,0.12,0.23,0.12,0.27,0.17,0.12,0.18,0.12,0.18,0.12,0.12,0.47
2,2,3,3,3,3,3,3,3,3,3,3,3,3,3,3,3,3,3,3,3,3,3,3,3,3,3,3,3,3,3,3,3
30,43,19,20,20,21,46,46,46,47,47,48,48,49,49,50,50,51,51,52,52,53,55,55,56,56,57,57,58,58,59,59,00
0.25,0.63,0.37,0.12,0.3,0.18,0.2,0.42,0.32,0.47,0.45,0.35,0.37,0.47,0.37,0.42,0.32,0.42,0.37,0.42,0.32,0.12,0.28,0.43,0.12,0.37,0.12,0.33,0.12,0.6,0.22,0.28,0.12
2,3,3,3,3,3,3,3,3,3,3,3,3,3,3,3,3,3,3,3,3,3,3,3,3,3,3,3,3,3,3,3,3,3,3,3,3,3,3,3,3,3,3,3,3,3,3,3,3,3,3,3,3,3,3,3,3,3,3,3,3,3,3,3,3,3,3,3,3,3,3,3,3,3,3,3,3,3,3,3,3,3,3,3,3
58,00,01,01,02,02,03,03,04,04,05,05,06,06,07,07,08,08,09,09,10,10,11,11,12,12,13,13,13,14,14,15,15,15,16,16,17,17,18,18,19,19,20,20,21,21,22,39,39,40,40,41,41,42,42,43,43,44,44,45,45,46,46,47,47,48,48,48,49,49,50,50,51,51,52,52,53,53,54,54,55,55,56,56,14
4.72,0.57,0.57,0.38,0.47,0.43,0.18,0.52,0.47,0.37,0.47,0.32,0.47,0.43,0.57,0.33,0.52,0.38,0.42,0.32,0.4,0.5,0.47,0.43,0.42,0.35,0.28,0.12,0.38,0.45,0.17,0.2,0.52,0.32,0.45,0.28,0.4,0.53,0.57,0.32,0.52,0.38,0.52,0.38,0.47,0.43,0.12,0.12,0.18,0.2,0.57,0.4,0.4,0.52,0.43,0.47,0.43,0.47,0.38,0.42,0.48,0.52,0.38,0.4,0.43,0.23,0.35,0.25,0.47,0.43,0.47,0.43,0.52,0.38,0.52,0.37,0.52,0.32,0.52,0.37,0.52,0.38,0.52,0.37,0.12
2,2,3,3,3,3,3,3,3,3,3,3,3,3,3,3,3,3,3,3,3,3,3,3,3,3,3,3,3,3,3,3,3,3,3,3,3,3,3,3,3,3,3,3,3,3,3,3,3,3,3,3,3,3,3,3,3,3,3,3,3,3
14,16,15,15,16,16,17,17,18,18,19,19,20,20,21,21,22,22,23,23,24,24,25,25,26,26,27,27,28,28,29,29,30,30,35,36,36,37,37,38,38,39,39,40,40,41,41,42,42,43,43,44,44,45,45,46,46,47,47,48,48,04
0.45,0.17,0.4,0.23,0.42,0.48,0.52,0.38,0.47,0.43,0.42,0.5,0.42,0.5,0.52,0.37,0.57,0.33,0.57,0.32,0.52,0.38,0.42,0.42,0.52,0.32,0.52,0.38,0.47,0.38,0.42,0.5,0.52,0.12,0.32,0.42,0.32,0.47,0.45,0.42,0.32,0.47,0.45,0.42,0.32,0.42,0.45,0.37,0.32,0.42,0.45,0.37,0.32,0.42,0.45,0.37,0.32,0.42,0.45,0.37,0.32,0.52
2,2,2,2,2,2,2,2,3,3,3,3,3,3,3,3,3,3,3,3,3,3,3,3,3,3,3,3,3,3,3,3,3,3,3,3,3,3,3,3,3,3,3,3,3,3,3,3,3,3,3,3,3,3,3,3,3,3
17,17,17,17,17,18,20,59,04,05,05,06,06,07,07,08,08,09,09,10,10,11,11,12,12,13,13,14,14,15,15,16,16,17,17,17,18,18,19,19,19,20,20,21,21,22,25,26,37,56,56,57,57,58,58,59,59,22
0.08,0.15,0.03,0.27,0.05,0.03,0.47,1.35,0.32,0.42,0.45,0.42,0.32,0.47,0.45,0.42,0.32,0.47,0.45,0.47,0.32,0.42,0.37,0.42,0.32,0.42,0.33,0.42,0.32,0.42,0.37,0.42,0.32,0.42,0.2,0.22,0.37,0.32,0.2,0.37,0.32,0.42,0.45,0.47,0.4,0.35,0.12,0.1,0.17,0.47,0.48,0.57,0.32,0.57,0.32,0.52,0.12,0.23
2,2,2,3,3
02,06,23,22,41
1.22,1.13,5.7,0.53,0.37
2,2,3,3,3
44,00,41,52,14
2.5,12.28,0.12,0.22,0.2
2,2,2,2,2,2,3,3,3,3,3,3,3,3,3,3,3,3,3,3,3,3,3,3,3,3,3,3,3,3,3,3,3,3,3,3,3,3,3,3,3,3,3,3,3,3,3,3,3,3,3,3,3,3,3,3,3,3,3,3,3,3,3,3
15,24,32,51,52,53,14,14,15,15,16,16,17,17,18,18,19,19,20,20,21,21,22,22,23,23,24,24,25,25,26,26,41,42,42,42,43,43,44,44,45,45,46,46,47,47,48,48,49,49,50,50,51,51,51,52,52,53,53,53,54,54,55,15
5.63,6.07,9.48,0.28,0.12,0.05,0.37,0.32,0.42,0.45,0.47,0.4,0.42,0.45,0.47,0.4,0.42,0.45,0.47,0.45,0.42,0.32,0.47,0.45,0.42,0.32,0.47,0.45,0.42,0.32,0.47,0.12,0.37,0.22,0.32,0.32,0.42,0.45,0.37,0.32,0.42,0.45,0.37,0.32,0.42,0.45,0.37,0.32,0.42,0.45,0.37,0.32,0.2,0.37,0.37,0.37,0.32,0.2,0.42,0.32,0.47,0.45,0.33,0.48
2,3,3,3,3,3,3,3,3,3,3,3,3,3,3,3,3,3,3,3,3,3,3,3,3,3,3,3,3,3,3,3,3,3,3,3,3,3,3,3,3,3,3,3,3,3,3,3,3,3,3
23,16,16,17,17,18,18,19,19,20,20,21,21,22,22,23,23,24,24,25,25,26,26,27,27,28,28,48,48,49,49,50,50,51,51,52,52,53,53,54,54,55,55,56,56,57,57,58,58,59,59
0.03,0.47,0.38,0.37,0.55,0.47,0.43,0.42,0.43,0.47,0.43,0.57,0.33,0.52,0.38,0.52,0.38,0.47,0.45,0.52,0.38,0.57,0.27,0.57,0.32,0.52,0.17,0.47,0.37,0.37,0.5,0.52,0.37,0.52,0.4,0.47,0.43,0.47,0.43,0.57,0.28,0.52,0.38,0.52,0.37,0.52,0.38,0.47,0.43,0.42,0.5
2,2,2,2,2,3,3,3,3,3,3,3,3,3,3,3,3,3,3,3,3,3,3,3,3,3,3,3,3,3,3,3,3,3,3,3,3,3,3,3,3,3,3,3,3,3,3,3,3
23,23,52,53,22,00,00,20,21,21,22,22,23,23,24,24,25,25,26,26,27,27,28,28,29,29,30,30,31,31,31,32,32,33,33,33,53,54,54,55,55,56,56,57,57,58,58,59,59
0.33,0.05,0.37,0.03,0.15,0.47,0.37,0.27,0.47,0.43,0.47,0.43,0.47,0.37,0.47,0.45,0.47,0.43,0.57,0.32,0.47,0.43,0.47,0.43,0.47,0.43,0.57,0.32,0.22,0.12,0.5,0.47,0.38,0.12,0.32,0.12,0.47,0.42,0.45,0.42,0.48,0.52,0.38,0.47,0.43,0.57,0.32,0.42,0.48
2,2,2,2,2,3,3,3,3,3,3,3,3,3,3,3,3,3,3,3,3,3,3,3,3,3,3,3,3,3,3,3,3,3,3,3,3,3,3,3,3,3,3,3,3,3,3,3,3
22,23,53,53,24,00,00,01,01,02,02,03,03,04,04,05,05,06,26,26,26,27,27,28,28,29,29,30,30,31,31,32,32,33,33,34,34,35,35,36,36,37,37,37,38,38,58,59,59
0.1,0.03,0.33,0.03,0.4,0.52,0.27,0.47,0.4,0.47,0.43,0.57,0.32,0.52,0.23,0.52,0.32,0.12,0.2,0.42,0.5,0.47,0.45,0.37,0.5,0.47,0.45,0.45,0.43,0.47,0.43,0.52,0.38,0.18,0.47,0.47,0.45,0.47,0.43,0.1,0.52,0.2,0.52,0.37,0.52,0.38,0.53,0.47,0.43
2,2,2,3,3,3,3,3,3,3,3,3,3,3,3,3,3,3,3,3,3,3,3,3,3,3,3,3,3,3,3,3,3,3,3,3,3,3,3,3,3,3,3,3,3,3,3,3,3,3,3,3,3
24,56,28,00,00,01,01,02,02,03,03,04,04,05,05,06,06,07,07,08,08,09,09,10,10,11,31,31,32,32,33,33,34,34,35,35,36,36,37,37,38,38,39,39,40,40,41,41,42,42,43,43,03
0.05,0.43,0.53,0.47,0.42,0.47,0.37,0.47,0.43,0.42,0.5,0.35,0.53,0.4,0.48,0.47,0.38,0.47,0.43,0.47,0.43,0.33,0.45,0.47,0.43,0.28,0.37,0.5,0.52,0.38,0.47,0.42,0.47,0.38,0.47,0.45,0.32,0.47,0.57,0.32,0.42,0.5,0.52,0.38,0.47,0.45,0.42,0.5,0.47,0.38,0.52,0.38,0.53
2,3,3,3,3,3,3,3,3,3,3,3,3,3,3,3,3,3,3,3,3,3,3,3,3,3,3,3,3,3,3,3,3,3,3,3,3,3,3,3,3,3,3,3,3,3,3,3,3,3,3,3,3,3,3,3,3,3,3,3,3,3,3,3,3
02,04,04,05,05,06,06,07,07,08,08,33,33,34,34,35,35,36,36,37,37,38,38,39,39,40,40,41,41,42,42,43,43,44,44,45,45,46,46,47,47,48,48,49,49,50,50,51,51,52,52,53,53,54,54,55,55,56,56,57,57,58,58,59,59
0.43,0.42,0.42,0.52,0.38,0.37,0.55,0.47,0.38,0.47,0.43,0.52,0.38,0.47,0.38,0.52,0.38,0.47,0.43,0.42,0.48,0.52,0.38,0.52,0.33,0.42,0.5,0.47,0.43,0.52,0.37,0.52,0.38,0.47,0.43,0.57,0.32,0.52,0.33,0.42,0.5,0.52,0.38,0.42,0.48,0.52,0.37,0.52,0.38,0.47,0.4,0.42,0.5,0.47,0.43,0.57,0.32,0.52,0.38,0.52,0.38,0.47,0.42,0.52,0.38
2,2,3,3,3,3,3,3,3,3,3,3,3,3,3,3,3,3,3,3,3,3,3,3,3,3,3,3,3,3,3,3,3
36,13,00,00,01,01,02,02,03,03,04,04,18,19,19,20,21,21,22,22,22,23,26,27,27,28,28,29,29,30,32,43,06
0.42,1.25,0.42,0.43,0.52,0.38,0.47,0.43,0.23,0.47,0.52,0.43,0.48,0.42,0.27,0.18,0.2,0.18,0.22,0.32,0.35,0.42,0.45,0.32,0.28,0.42,0.45,0.42,0.32,0.13,0.17,0.18,0.38
2,2,2,3,3,3,3,3,3,3,3,3,3,3,3,3,3,3,3,3,3,3,3,3,3,3,3,3,3,3,3,3,3,3,3,3,3,3,3,3,3,3,3,3,3,3,3,3,3,3,3,3,3,3,3,3,3,3,3,3,3,3,3,3,3,3,3,3,3,3,3,3,3,3,3,3
14,21,46,07,07,08,08,09,09,10,10,11,11,12,12,13,13,14,14,15,15,16,16,17,17,18,18,19,19,20,20,21,21,22,22,23,23,24,24,25,25,44,44,45,45,46,46,47,47,47,48,48,49,49,49,50,50,51,51,52,52,53,53,54,54,54,55,55,56,56,57,57,58,58,59,59
0.03,9.67,0.18,0.47,0.43,0.32,0.37,0.47,0.32,0.37,0.32,0.42,0.45,0.37,0.32,0.42,0.45,0.47,0.4,0.42,0.47,0.47,0.4,0.42,0.37,0.47,0.45,0.42,0.32,0.47,0.45,0.42,0.32,0.47,0.45,0.42,0.32,0.47,0.37,0.42,0.32,0.52,0.4,0.42,0.45,0.37,0.32,0.2,0.37,0.37,0.37,0.32,0.2,0.42,0.32,0.47,0.47,0.52,0.38,0.47,0.4,0.42,0.32,0.28,0.3,0.18,0.42,0.32,0.42,0.45,0.37,0.32,0.42,0.45,0.37,0.32
2,3,3,3,3,3,3,3,3,3,3,3,3,3,3,3,3,3,3,3,3,3,3,3,3,3,3,3,3,3,3,3,3,3,3,3,3,3,3,3
24,00,00,01,01,02,02,02,03,03,04,04,04,05,13,14,15,15,16,16,17,17,17,18,19,20,20,20,21,21,21,22,23,23,24,24,25,30,42,05
6.03,0.42,0.45,0.37,0.32,0.2,0.37,0.37,0.37,0.32,0.2,0.42,0.32,0.47,0.35,0.25,0.42,0.32,0.42,0.32,0.2,0.23,0.25,0.13,0.28,0.28,0.18,0.18,0.42,0.12,0.12,0.3,0.35,0.25,0.17,0.23,0.12,0.2,0.12,0.27
2,2,2,2,3,3,3,3,3
30,30,30,11,05,42,43,43,18
0.05,0.05,0.03,0.72,0.3,0.32,0.17,0.12,0.25
2,2,2,3,3,3,3
50,51,28,20,53,54,06
0.48,0.05,0.13,0.12,0.38,0.28,0.12
2,2,2,2,2,2,2,2,2,2,2,2,3,3,3,3
28,29,29,34,36,37,37,37,37,37,38,38,28,29,30,02
0.03,0.05,5.12,1.82,0.42,0.15,0.27,0.03,0.05,0.52,0.2,28.75,0.35,0.17,0.22,0.22
2,2,2,2,2,2,3,3,3,3,3,3,3,3
08,08,44,46,46,58,03,03,37,37,37,43,44,11
0.03,35.87,0.03,0.03,2.55,20.85,0.33,0.18,0.12,0.12,0.12,0.12,0.1,0.2
2,3,3,3,3
31,11,11,14,58
84.23,0.12,0.1,0.12,0.12
2,3
56,00
101.02,0.12
2,2
37,07
18.12,23.0
2,2
32,06
0.12,1.38
2,2
42,17
1.35,1.3
2,2,2
50,50,28
0.1,0.03,4.63
2,2,2,2
33,38,39,07
4.68,0.82,0.6,0.05
2,2,2,2
07,41,41,14
0.07,0.1,0.07,0.03
2,2,2,2,2,2,2
15,15,15,48,48,49,22
0.15,0.05,0.05,0.07,0.23,0.03,0.38
2,2
56,30
0.38,0.03
2,2,2,2
30,30,30,04
0.07,0.05,0.03,0.4
2,2
37,11
0.43,0.48
2,2,2
45,45,19
0.05,0.17,0.03
2,2,2
53,53,17
0.28,0.15,9.67
2,2
38,15
20.33,19.62
2
51
20.78
2,2,2
48,48,22
0.22,0.03,0.03
2,2,2,2,2,2,2,2,2
22,22,22,54,54,54,54,54,00
0.05,0.1,0.05,0.05,0.03,0.05,0.03,0.03,1.93
2,2,2,2,2,2
14,22,23,56,57,57
7.42,0.07,32.55,0.05,0.05,32.27
2
42
20.2
2,2
16,50
20.42,20.28
2,2
23,10
19.93,0.12
2,2,2,2,2
17,18,36,42,10
0.72,5.45,6.03,12.32,6.77
2,2
17,20
5.32,7.35
2
09
0.17
2,2,2,2,2
09,09,13,15,07
0.18,3.98,0.95,0.35,0.1
2,2,2,2,2,2
07,09,20,28,28,11
2.0,0.92,7.9,0.03,0.07,0.82
2,2
48,22
0.65,0.52
2,2
57,31
0.55,0.58
2
05
0.53
2,2
40,15
0.53,0.52
2,2,2
15,49,24
0.03,0.17,12.02
2,2
42,12
17.72,6.35
2,2
50,08
0.05,0.2
2,2,2
09,09,19
0.07,0.07,0.38
2,2,2,2,2
19,53,53,53,27
0.03,0.3,0.07,0.05,0.38
2
01
0.5
2,2
34,08
0.42,0.4
2,2
17,08
0.28,0.28
2,2
12,46
13.58,24.87
2,2
32,06
14.3,13.62
2,2
40,13
13.23,13.07
2,2
46,19
13.0,2.72
2,2,2,2
32,41,57,22
4.67,4.65,0.07,17.03
2
57
17.82
2,2
30,37
4.97,18.42
2
02
0.12
2,2
29,03
0.63,0.68
2,2
36,09
0.67,0.73
2,2
42,15
0.65,0.7
2,2
47,20
0.55,0.62
2,2
53,25
0.55,0.53
2,2
58,30
0.55,0.57
2
03
0.37
2,2,2,2,2
04,10,27,36,08
5.4,5.75,1.17,0.5,0.43
2,2,2,2
09,10,28,53
1.07,10.92,12.55,19.47
2,2,2
34,54,15
0.07,0.93,13.28
2
48
12.85
2,2
21,53
12.9,12.85
2,2
25,58
13.13,12.98
2,2
31,03
13.07,5.45
2
33
31.88
2,2,2
17,49,02
0.72,5.72,0.03
2,2,2,2,2,2,2,2
02,02,02,02,02,02,26,05
0.28,0.07,0.05,0.08,0.07,4.0,0.77,0.53
2,2,2
06,24,05
0.2,4.33,0.6
2,2,2,2
05,42,42,18
0.05,0.33,0.05,0.43
2,2
53,28
0.43,0.43
2
02
0.43
2,2
37,11
0.4,0.4

