4,,1
10,,03
0.12,,0.12
4,4,4,4,4,4,4,4,4,4,4,4,4,4,4,4,4,4,4,4,,1,1,1,1,1,1,1,1,1,1,1,1,1,1,1,1,1,1,1,1,1,1,1,1,1,1,1,1,1,1,1,1,1,1,1,1,1,1,1,1,1,1,1,1,1,1,1,1,1,1,1,1,1,1,1,1,1,1,1,1,1,1,1,1,1,1,1,1
10,11,11,12,12,12,12,13,13,14,14,14,14,15,15,15,16,16,16,14,,03,04,05,05,06,07,07,08,09,09,10,10,10,13,16,16,16,17,18,18,19,20,20,21,23,24,24,25,26,27,28,28,29,30,30,31,31,38,38,40,40,40,40,42,42,42,43,44,46,47,47,47,48,49,49,51,53,53,53,54,54,56,57,58,58,58,59,00
0.12,0.12,0.12,0.13,0.12,0.12,0.12,0.12,0.18,0.12,0.18,0.18,0.12,0.12,0.18,0.22,0.12,0.12,0.12,0.12,,0.12,0.12,0.12,0.12,0.12,0.12,0.12,0.12,0.12,0.12,0.12,0.12,0.12,0.12,0.12,0.12,0.12,0.12,0.12,0.12,0.12,0.22,0.12,0.12,0.12,0.18,0.27,0.12,0.12,0.12,0.18,0.27,0.12,0.12,0.12,0.12,0.12,0.12,0.12,0.12,0.12,0.12,0.12,0.12,0.12,0.12,0.3,0.12,0.12,0.12,0.12,0.12,0.12,0.12,0.12,0.12,0.12,0.12,0.12,0.12,0.12,0.12,0.12,0.22,0.12,0.12,0.12,0.12
4,,1,1,1,1,1,1,1,1,1,1,1,1,1,1,1,1,1,1,1,1,1,1,1,1,1,1,1,1,1,1,1,1,1,1,1,1,1,1,1,1,1,1,1,1,1,1,1,1,1
27,,00,00,01,02,04,05,05,08,09,09,10,10,11,13,13,14,14,15,15,16,17,18,18,19,19,21,21,22,22,24,26,26,27,27,29,29,30,30,30,31,32,33,33,35,36,37,38,38,04
0.12,,0.12,0.12,0.12,0.12,0.12,0.12,0.12,0.12,0.12,0.12,0.12,0.12,0.22,0.12,0.12,0.12,0.12,0.12,0.12,0.12,0.12,0.12,0.12,0.12,0.12,0.12,0.12,0.12,0.12,0.12,0.12,0.12,0.12,0.12,0.12,0.12,0.12,0.12,0.12,0.18,0.18,0.12,0.12,0.18,0.12,0.12,0.12,20.3,0.12
1,1,1,1,1,1,1,1,1,1,1,1,1,1,1,1,1,1,1,1,1,1,1,1,1,1,1,1,1,1,1,1,1,1,1,1,1,1,1,1,1,1,1,1,1,1,1,1,1,1,1,1,1,1,1,1,1,1,1,1,1,1,1,1,1,1,1,1,1,1,1,1,1,1,1,1,1,1,1,1,1,1,1,1,1,1,1,1,1,1,1,1,1,1,1,1,1,1,1,1,1,1,1,1,1,1,1,1,1,1,1,1,1,1,1,1,1,1,1,1,1,1,1,1,1,1,1,1,1,1,1,1,1,1,1,1,1,1,1,1,1,1,1,1,1,1,1,1,1,1,1,1,1,1,1,1,1,1,1,1,1,1,1,1,1,1,1,1,1,1,1,1,1,1
05,05,06,07,08,08,09,09,10,11,11,12,12,13,13,13,14,14,14,14,16,16,17,17,18,18,18,18,19,19,20,20,20,20,21,21,21,21,22,22,22,22,23,23,23,23,24,24,24,24,25,25,25,25,26,26,26,27,27,27,28,28,28,29,29,29,30,30,30,31,31,31,31,32,32,32,32,33,33,33,33,34,34,34,34,35,35,35,36,36,36,37,37,37,37,38,38,38,39,39,39,39,40,40,40,40,41,41,41,41,41,42,42,42,42,43,43,43,44,44,44,44,45,45,45,46,46,46,46,47,47,47,47,48,48,48,48,49,49,49,49,49,50,50,50,50,51,51,52,52,52,52,53,53,53,54,54,54,54,54,55,55,55,55,56,57,57,58,58,58,59,59,59,59
0.12,0.12,0.12,0.12,0.12,0.12,0.12,0.12,0.12,0.18,0.12,0.12,0.22,0.12,0.12,0.18,0.12,0.12,0.12,0.28,0.12,0.28,0.12,0.18,0.12,0.12,0.12,0.28,0.12,0.18,0.12,0.12,0.12,0.28,0.12,0.18,0.12,0.22,0.12,0.12,0.18,0.22,0.12,0.12,0.18,0.18,0.18,0.18,0.12,0.18,0.12,0.12,0.18,0.12,0.22,0.18,0.12,0.18,0.12,0.18,0.12,0.12,0.12,0.12,0.18,0.18,0.18,0.12,0.18,0.18,0.18,0.12,0.28,0.12,0.12,0.18,0.12,0.25,0.12,0.18,0.28,0.12,0.12,0.18,0.12,0.12,0.12,0.18,0.2,0.18,0.12,0.12,0.12,0.18,0.22,0.25,0.12,0.18,0.2,0.18,0.12,0.12,0.12,0.12,0.18,0.12,0.22,0.18,0.12,0.18,0.12,0.25,0.12,0.18,0.22,0.18,0.18,0.12,0.12,0.18,0.12,0.22,0.18,0.12,0.18,0.18,0.18,0.12,0.28,0.12,0.12,0.18,0.12,0.25,0.12,0.18,0.12,0.12,0.12,0.18,0.12,0.22,0.18,0.18,0.12,0.27,0.18,0.12,0.12,0.12,0.18,0.22,0.25,0.12,0.18,0.2,0.12,0.18,0.12,0.18,0.12,0.12,0.18,0.12,0.22,0.2,0.28,0.12,0.25,0.12,0.12,0.18,0.12,0.22
1,1,1,1,1,1,1,1,1,1,1,1,1,1,1,1,1,1,1,1,1,1,1,1,1,1,1,1,1,1,1,1,1,1,1,1,1,1,1,1,1,1,1,1,1,1,1,1,1,1,1,1,1,1,1,1,1,1,1,1,1,1,1,1,1,1,1,1,1,1,1,1,1,1,1,1,1,1,1,1,1,1,1,1,1,1,1,1,1,1,1,1,1,1,1,1,1,1,1,1,1,1,1,1,1,1,1,1,1,1,1,1,1,1,1,1,1,1,1,1,1,1,1,1,1,1,1,1,1,1,1,1,1,1,1,1,1,1,1,1,1,1,1,1,1,1,1,1,1,1,1,1,1,1,1,1,1,1,1,1,1,1,1,1,1,1,1,1,1,1,1,1,1,1,1,1,1,1,1,1,1
00,00,01,01,01,01,02,02,03,03,03,03,04,05,05,05,05,05,06,06,07,08,08,08,09,09,10,10,11,11,11,12,12,13,13,13,13,14,14,14,15,15,15,16,16,16,16,16,17,17,17,18,18,18,19,19,19,19,20,20,20,20,21,21,22,22,22,22,23,23,23,23,24,24,24,24,25,25,25,27,27,27,28,28,28,28,29,29,29,29,30,30,30,30,31,31,31,32,33,33,33,33,33,34,34,34,34,35,35,35,35,36,36,39,40,40,41,41,41,41,42,42,43,43,43,43,44,44,44,44,45,45,46,46,46,46,47,47,47,47,48,48,48,48,49,49,49,49,50,50,51,51,51,52,52,52,53,53,53,54,54,54,55,55,56,56,56,56,57,57,57,57,58,58,58,58,59,59,59,59,59
0.12,0.18,0.12,0.18,0.12,0.18,0.12,0.25,0.12,0.18,0.12,0.33,0.2,0.22,0.12,0.12,0.12,0.27,0.18,0.12,0.18,0.18,0.12,0.18,0.2,0.18,0.12,0.18,0.18,0.18,0.12,0.12,0.33,0.12,0.12,0.12,0.18,0.18,0.12,0.22,0.12,0.18,0.12,0.22,0.18,0.12,0.18,0.12,0.12,0.12,0.18,0.18,0.18,0.12,0.12,0.18,0.12,0.18,0.18,0.18,0.12,0.27,0.12,0.18,0.12,0.18,0.12,0.28,0.18,0.18,0.12,0.27,0.12,0.12,0.18,0.12,0.18,0.12,0.28,0.18,0.18,0.12,0.18,0.18,0.12,0.18,0.18,0.18,0.12,0.18,0.12,0.12,0.18,0.18,0.18,0.12,0.12,0.12,0.22,0.18,0.12,0.18,0.28,0.18,0.18,0.12,0.22,0.12,0.12,0.12,0.12,0.2,2.67,0.18,0.12,0.18,0.12,0.12,0.12,0.18,0.12,0.12,0.12,0.12,0.12,0.12,0.18,0.12,0.12,0.12,0.18,0.18,0.12,0.18,0.18,0.18,0.12,0.27,0.12,0.12,0.18,0.12,0.25,0.18,0.12,0.27,0.18,0.18,0.12,0.18,0.18,0.2,0.18,0.12,0.12,0.18,0.12,0.18,0.12,0.18,0.2,0.12,0.18,0.18,0.12,0.22,0.18,0.12,0.18,0.12,0.25,0.12,0.18,0.22,0.12,0.18,0.12,0.18,0.12,0.12,0.18
1,1,1,1,1,1,1,1,1,1,1,1,1,1,1,1,1,1,1,1,1,1,1,1,1,1,1,1,1,1,1,1,1,1,1,1,1,1,1,1,1,1,1,1,1,1,1,1,1,1,1,1,1,1,1,1,1,1,1,1,1,1,1,1,1,1,1,1,1,1,1,1,1,1,1,1,1,1,1,1,1,1,1,1,1,1,1,1,1,1,1,1,1,1,1,1,1,1,1,1,1,1,1,1,1,1,1,1,1,1,1,1,1,1,1,1,1,1,1,1,1,1,1,1,1,1,1,1,1,1,1,1,1,1,1,1,1,1,1,1,1,1,1,1,1,1,1,1,1,1,1,1,1,1,1,1,1,1,1,1,1,1,1,1,1,1,1,1,1,1,1,1,1,1,1,1,1,1,1,1,1,1,1,1,1,1,1,1,1
00,00,00,01,01,01,01,02,02,02,02,02,03,03,04,04,04,04,05,05,06,06,06,06,07,07,07,08,08,08,09,09,09,10,10,10,11,11,11,11,12,12,12,13,13,13,14,14,15,15,15,16,16,16,16,16,17,17,17,17,18,18,18,18,19,19,20,20,21,21,21,21,22,22,23,23,23,23,24,24,24,25,25,26,27,27,27,27,28,28,28,28,29,29,29,30,30,30,30,31,31,31,32,32,32,33,33,33,33,34,34,34,34,35,35,36,36,36,37,37,38,38,38,39,39,39,40,40,40,40,41,41,42,42,42,43,43,43,43,44,44,44,45,45,45,45,46,46,46,47,47,47,47,47,48,48,48,48,49,49,49,49,50,50,50,51,51,51,51,52,52,52,53,53,53,54,54,54,55,55,56,56,57,57,57,57,58,58,59
0.12,0.22,0.18,0.12,0.18,0.12,0.18,0.18,0.12,0.12,0.18,0.12,0.18,0.12,0.18,0.12,0.12,0.12,0.18,0.12,0.18,0.12,0.12,0.12,0.18,0.2,0.18,0.18,0.12,0.25,0.12,0.2,0.18,0.12,0.12,0.12,0.12,0.12,0.12,0.18,0.12,0.12,0.12,0.18,0.22,0.12,0.18,0.12,0.18,0.12,0.12,0.12,0.12,0.22,0.12,0.18,0.18,0.12,0.12,0.18,0.12,0.18,0.18,0.18,0.12,0.12,0.18,0.12,0.18,0.12,0.12,0.12,0.18,0.2,0.18,0.12,0.12,0.12,0.18,0.2,0.18,0.12,0.12,0.12,0.18,0.22,0.18,0.18,0.18,0.22,0.12,0.18,0.12,0.18,0.18,0.12,0.22,0.12,0.18,0.12,0.22,0.12,0.18,0.12,0.18,0.12,0.22,0.18,0.12,0.18,0.12,0.12,0.18,0.12,0.12,0.18,0.12,0.18,0.12,0.27,0.18,0.12,0.25,0.27,0.12,0.12,0.18,0.12,0.12,0.12,0.12,0.12,0.12,0.12,0.12,0.12,0.22,0.12,0.12,0.12,0.22,0.12,0.12,0.18,0.12,0.25,0.12,0.22,0.12,0.12,0.18,0.12,0.12,0.18,0.12,0.22,0.18,0.12,0.18,0.28,0.18,0.18,0.12,0.22,0.12,0.12,0.18,0.12,0.12,0.12,0.27,0.12,0.18,0.18,0.12,0.18,0.27,0.12,0.18,0.18,0.12,0.28,0.18,0.18,0.12,0.18,0.18,0.18,0.18
1,1,1,1,1,1,1,1,1,1,1,1,1,1,1,1,1,1,1,1,1,1,1,1
00,00,00,00,01,02,02,02,03,03,03,03,04,05,05,05,05,06,06,06,07,07,08,08
0.12,0.28,0.12,0.12,0.12,0.12,0.18,0.12,0.18,0.22,0.12,0.18,0.18,0.18,0.22,0.12,0.12,0.18,0.12,0.12,0.12,0.27,0.12,0.12
1,1
08,30
0.12,0.12
1,1
31,34
0.2,0.2
1,1,1,1,1,1,1,1,1,1,1,1,1,1,1,1,1,1,1,1,1,1,1,1,1,1,1,1,1,1,1,1,1,1,1,1,1,1,1,1,1,1,1,1,1,1,1,1,1,1,1,1,1,1,1,1,1,1,1,1,1,1,1,1,1,1,1,1,1,1,1,1,1,1,1,1,1,1,1,1,1
35,35,35,36,36,36,36,37,37,37,38,38,38,38,39,39,39,40,40,40,41,41,41,41,42,42,42,43,43,43,43,44,44,44,44,45,45,46,46,46,47,47,47,47,48,48,48,48,49,49,49,49,50,50,51,51,51,51,52,52,52,53,53,53,54,54,54,55,55,55,56,56,56,56,57,57,57,58,59,59,00
0.12,0.12,0.12,0.12,0.12,0.12,0.28,0.18,0.12,0.22,0.18,0.12,0.18,0.22,0.12,0.12,0.18,0.18,0.12,0.12,0.12,0.12,0.12,0.22,0.12,0.18,0.12,0.12,0.12,0.18,0.18,0.18,0.12,0.18,0.27,0.12,0.18,0.18,0.12,0.18,0.18,0.18,0.18,0.2,0.12,0.12,0.18,0.28,0.18,0.18,0.12,0.28,0.18,0.12,0.12,0.12,0.12,0.28,0.12,0.12,0.18,0.12,0.12,0.18,0.12,0.18,0.22,0.12,0.12,0.18,0.12,0.12,0.12,0.22,0.12,0.18,0.18,0.12,0.12,0.12,0.12
1,1,1,1,1,1,1,1,1,1,1,1,1,1,1,1,1,1,1,1,1,1,1,1,1,1,1,1,1,1,1,1,1,1,1,1,1,1,1,1,1,1,1,1,1,1,1,1,1,1,1,1,1,1,1,1,1,1,1,1,1,1,1,1,1,1,1,1,1,1,1,1,1,1,1,1,1,1,1,1,1,1,1,1,1,1,1,1,1,1,1,1,1,1
01,01,02,02,03,04,04,05,06,07,08,08,09,10,11,11,12,14,16,17,17,18,18,20,20,21,21,22,22,22,23,24,25,25,26,26,27,28,28,29,30,30,32,33,33,34,34,35,36,36,36,37,37,38,40,40,41,41,41,42,42,42,43,43,43,44,44,45,46,47,47,48,48,49,50,51,51,51,52,53,54,55,55,55,56,56,56,57,58,58,58,58,59,00
0.12,0.12,0.12,0.12,0.12,0.12,0.12,0.12,0.12,0.12,0.12,0.12,0.12,0.12,0.12,0.12,0.12,0.12,0.12,0.12,0.12,0.12,0.12,0.12,0.12,0.12,0.12,0.12,0.12,0.12,0.12,0.12,0.12,0.22,0.12,0.12,0.12,0.12,0.12,0.12,0.12,0.12,0.12,0.12,0.12,0.12,0.12,0.12,0.12,0.12,0.22,0.12,0.12,0.18,0.12,0.22,0.12,0.12,0.22,0.12,0.12,0.12,0.12,0.12,0.12,0.12,0.12,0.12,0.22,0.12,0.12,0.12,0.12,0.12,0.12,0.12,0.12,0.12,0.12,0.12,0.12,0.12,0.12,0.12,0.12,0.12,0.12,0.12,0.12,0.12,0.12,0.12,0.12,0.12
1,1,1,1,1,1,1,1,1,1,1,1,1,1,1,1,1,1,1,1,1,1,1,1,1,1,1,1,1,1,1,1,1,1,1,1,1,1,1,1,1,1,1,1,1,1,1,1,1,1,1,1,1,1,1,1,1,1,1,1,1,1,1,1,1,1,1,1,1,1,1,1,1,1,1,1,1,1,1,1,1,1,1,1,1,1,1,1,1,1,1,1,1,1,1,1,1,1
01,02,02,03,04,04,05,05,06,07,07,07,08,08,09,10,11,11,11,12,12,13,13,13,14,15,16,17,17,17,18,18,18,19,19,20,20,21,22,22,22,23,24,25,25,26,26,27,29,30,31,32,32,32,33,33,34,35,35,35,36,36,36,37,37,38,39,40,40,41,42,42,43,43,44,44,45,45,45,46,47,48,48,49,50,51,51,52,53,53,54,55,56,57,58,58,59,00
0.12,0.12,0.12,0.12,0.12,0.12,0.12,0.12,0.12,0.12,0.12,0.12,0.12,0.12,0.12,0.12,0.12,0.12,0.22,0.12,0.12,0.12,0.12,0.12,0.12,0.12,0.12,0.12,0.12,0.22,0.12,0.12,0.22,0.12,0.12,0.12,0.12,0.12,0.12,0.12,0.12,0.12,0.12,0.12,0.12,0.12,0.12,0.12,0.12,0.12,0.22,0.12,0.12,0.12,0.12,0.12,0.22,0.12,0.12,0.12,0.12,0.12,0.22,0.12,0.12,0.12,0.12,0.12,0.12,0.12,0.12,0.22,0.12,0.12,0.12,0.12,0.12,0.12,0.12,0.12,0.12,0.12,0.12,0.12,0.12,0.12,0.12,0.12,0.12,0.12,0.12,0.12,0.12,0.12,0.18,0.12,0.12,0.12
1,1,1,1,1,1,1,1,1,1,1,1,1,1,1,1,1,1,1,1,1,1,1,1,1,1,1,1,1,1,1,1,1,1,1,1,1,1,1,1,1,1,1,1,1,1,1,1,1,1,1,1,1,1,1,1,1,1,1,1,1,1,1,1,1,1,1,1,1,1,1,1,1,1,1,1,1,1,1,1,1,1,1,1,1,1,1,1,1,1,1,1,1,1,1,1,1
01,02,03,04,04,05,05,06,07,07,07,08,08,09,10,10,11,12,13,13,13,14,14,14,15,15,16,17,18,19,19,20,20,21,22,23,23,24,24,25,25,26,27,28,29,29,30,30,30,31,32,32,33,34,34,35,35,36,36,37,37,38,39,39,39,40,40,40,41,43,44,44,45,46,46,47,48,48,48,49,49,50,51,52,53,54,55,56,56,57,57,58,58,59,59,59,00
0.12,0.12,0.12,0.12,0.12,0.12,0.12,0.12,0.12,0.12,0.22,0.12,0.12,0.12,0.12,0.12,0.12,0.22,0.12,0.12,0.22,0.12,0.12,0.12,0.12,0.18,0.12,0.12,0.12,0.12,0.12,0.12,0.12,0.12,0.12,0.12,0.12,0.12,0.22,0.12,0.12,0.12,0.12,0.12,0.12,0.12,0.12,0.12,0.12,0.12,0.12,0.12,0.12,0.12,0.12,0.12,0.12,0.12,0.22,0.12,0.12,0.12,0.12,0.12,0.12,0.12,0.12,0.12,0.12,0.12,0.12,0.12,0.22,0.12,0.12,0.12,0.12,0.12,0.12,0.12,0.12,0.12,0.12,0.12,0.12,0.12,0.12,0.12,0.12,0.12,0.12,0.12,0.22,0.12,0.12,0.12,0.12
1,1,1,1,1,1,1,1,1,1,1,1,1,1,1,1,1,1,1,1,1,1,1,1,1,1,1,1,1,1,1,1,1,1,1,1,1,1,1,1,1,1,1,1,1,1,1,1,1,1,1,1,1,1,1,1,1,1,1,1,1,1,1,1,1,1,1,1,1,1,1,1,1,1,1,1,1,1,1,1,1,1,1,1,1,1,1,1,1,1,1,1,1,1,1,1,1,1,1,1,1,1,1,1,1,1,1
00,01,02,03,05,06,07,07,08,08,09,10,11,12,12,12,13,14,15,15,16,17,18,19,19,21,21,21,22,22,22,23,24,24,25,26,26,26,27,27,27,28,29,30,30,31,32,33,33,34,34,35,35,36,37,37,37,38,39,40,41,42,42,43,44,45,46,47,47,47,48,48,48,49,49,49,49,50,50,50,51,51,52,52,53,53,53,53,54,54,55,55,55,55,56,56,57,57,57,57,58,58,58,58,59,59,00
0.12,0.12,0.12,0.12,0.12,0.12,0.12,0.12,0.12,0.12,0.12,0.12,0.12,0.12,0.18,0.12,0.12,0.12,0.12,0.12,0.12,0.12,0.12,0.12,0.12,0.12,0.12,0.22,0.12,0.12,0.12,0.12,0.12,0.22,0.12,0.12,0.12,0.12,0.12,0.12,0.12,0.12,0.18,0.12,0.12,0.12,0.12,0.12,0.18,0.12,0.12,0.12,0.12,0.12,0.12,0.12,0.12,0.12,0.12,0.12,0.12,0.12,0.12,0.12,0.12,0.12,0.12,0.12,0.12,0.12,0.12,0.18,0.12,0.12,0.12,0.12,0.22,0.12,0.18,0.12,0.12,0.27,0.18,0.12,0.12,0.25,0.12,0.28,0.18,0.12,0.12,0.12,0.12,0.28,0.18,0.12,0.12,0.12,0.12,0.18,0.12,0.12,0.18,0.18,0.12,0.12,0.18
1,1,1,1,1,1,1,1,1,1,1,1,1,1,1,1,1,1,1,1,1,1,1,1,1,1,1,1,1,1,1,1,1,1,1,1,1,1,1,1,1,1,1,1,1,1,1,1,1,1,1,1,1,1,1,1,1,1,1,1,1,1,1,1,1,1,1,1,1,1,1,1,1,1,1,1,1,1,1,1,1,1,1,1,1,1,1,1,1,1,1,1,1,1,1,1,1,1,1,1,1,1,1,1,1,1,1,1,1,1,1,1,1,1,1,1,1,1,1,1,1,1,1,1,1,1,1,1,1,1,1,1,1,1,1,1,1,1,1,1,1,1,1,1,1,1,1,1,1,1,1,1,1,1,1,1,1,1,1,1,1,1,1,1,1,1,1,1,1,1,1,1,1,1,1,1,1,1,1,1,1,1,1,1,1,1,1,1,1
00,00,01,01,01,01,02,02,02,03,03,04,04,04,04,05,05,05,06,06,07,07,08,08,08,08,09,09,10,10,10,10,11,11,11,12,12,12,12,13,13,13,14,14,14,15,15,15,16,16,16,17,17,17,17,18,18,18,18,19,19,19,19,20,20,20,21,21,22,22,22,23,23,23,24,24,24,24,25,25,25,25,26,26,27,27,27,27,28,28,28,28,29,29,29,30,30,30,31,31,31,32,32,32,33,33,33,34,34,34,34,35,35,36,36,36,36,37,37,38,38,38,39,39,40,40,40,41,41,42,42,42,42,43,43,43,44,44,44,45,45,45,46,46,47,47,47,47,48,48,48,48,49,49,49,49,50,50,50,50,51,51,52,52,52,52,53,53,53,53,54,54,54,55,55,55,56,56,56,57,57,57,57,58,58,59,59,59,59
0.12,0.22,0.18,0.12,0.18,0.12,0.12,0.18,0.22,0.18,0.18,0.12,0.12,0.12,0.22,0.12,0.18,0.12,0.12,0.27,0.18,0.12,0.25,0.12,0.18,0.2,0.12,0.18,0.12,0.12,0.12,0.28,0.12,0.12,0.12,0.12,0.12,0.12,0.18,0.18,0.12,0.22,0.12,0.12,0.18,0.18,0.12,0.22,0.18,0.12,0.12,0.12,0.12,0.12,0.22,0.12,0.18,0.12,0.18,0.12,0.25,0.12,0.22,0.12,0.12,0.18,0.12,0.27,0.12,0.12,0.18,0.12,0.12,0.27,0.12,0.12,0.18,0.12,0.12,0.12,0.12,0.28,0.12,0.18,0.12,0.12,0.12,0.18,0.12,0.18,0.18,0.22,0.12,0.12,0.18,0.12,0.18,0.22,0.12,0.12,0.18,0.12,0.18,0.22,0.12,0.18,0.12,0.12,0.12,0.12,0.27,0.12,0.18,0.12,0.18,0.18,0.27,0.12,0.18,0.12,0.18,0.27,0.12,0.18,0.18,0.18,0.2,0.12,0.18,0.12,0.12,0.12,0.18,0.12,0.18,0.2,0.12,0.12,0.18,0.12,0.18,0.22,0.18,0.18,0.12,0.18,0.18,0.22,0.12,0.18,0.12,0.18,0.12,0.18,0.18,0.12,0.12,0.18,0.12,0.18,0.12,0.12,0.12,0.12,0.18,0.18,0.18,0.18,0.12,0.27,0.12,0.12,0.22,0.12,0.18,0.12,0.12,0.12,0.18,0.18,0.18,0.12,0.27,0.12,0.2,0.12,0.18,0.12,0.18
1,1,1,1,1,1,1,1,1,1,1,1,1,1,1,1,1,1,1,1,1,1,1,1,1,1,1,1,1,1,1,1,1,1,1,1,1,1,1,1,1,1,1,1,1,1,1,1,1,1,1,1,1,1,1,1,1,1,1,1,1,1,1,1,1,1,1,1,1,1,1,1,1,1,1,1,1,1,1,1,1,1,1,1,1,1,1,1,1,1,1,1,1,1,1,1,1,1,1,1,1,1
00,00,01,01,02,02,02,02,03,03,04,04,04,04,05,05,05,05,06,06,06,06,07,07,07,07,08,08,08,08,09,09,10,10,10,10,11,11,11,12,12,12,13,13,13,13,14,14,14,15,15,15,15,16,16,16,16,17,17,17,18,19,19,20,20,20,20,21,21,21,22,22,22,23,23,24,24,24,24,25,25,25,26,26,26,26,27,27,27,28,28,29,29,29,29,30,30,30,31,31,31,50
0.12,0.22,0.18,0.12,0.12,0.12,0.18,0.22,0.18,0.12,0.12,0.12,0.18,0.12,0.12,0.12,0.12,0.22,0.18,0.12,0.12,0.18,0.12,0.12,0.12,0.22,0.18,0.12,0.18,0.27,0.18,0.12,0.12,0.12,0.12,0.12,0.12,0.12,0.18,0.12,0.18,0.12,0.12,0.12,0.18,0.2,0.12,0.18,0.12,0.12,0.12,0.12,0.22,0.12,0.18,0.12,0.18,0.12,0.18,0.22,0.12,0.18,0.12,0.12,0.12,0.12,0.22,0.12,0.18,0.12,0.18,0.18,0.18,0.18,0.18,0.12,0.12,0.12,0.22,0.18,0.12,0.12,0.12,0.12,0.12,0.22,0.12,0.18,0.12,0.25,0.27,0.12,0.12,0.18,0.12,0.25,0.12,0.22,0.12,0.12,0.12,0.12
1,1,1,1,1,1,1,1,1,1,1,1,1,1,1,1,1,1,1,1,1,1
50,50,51,51,52,52,52,52,54,54,55,55,56,57,57,57,57,58,59,59,59,00
0.12,0.12,0.18,0.22,0.12,0.22,0.12,0.12,0.12,0.12,0.12,0.12,0.12,0.12,0.12,0.12,0.12,0.18,0.12,0.12,0.12,0.12
1,1,1,1,1,1,1,1,1,1,1,1,1,1,1,1,1,1,1,1,1,1,1,1,1,1,1,1,1,1,1,1,1,1,1,1,1,1,1,1,1,1,1,1,1,1,1,1,1,1,1,1,1,1,1,1,1,1,1,1,1,1,1,1,1,1,1,1,1,1,1,1,1,1,1,1,1,1,1,1,1,1,1,1,1,1,1,1,1,1
01,01,02,03,04,05,06,06,06,07,08,09,10,10,11,11,12,12,13,14,15,15,15,16,16,17,17,18,18,20,21,21,23,24,24,24,25,26,27,27,28,28,28,28,29,29,30,31,32,32,33,33,34,35,35,37,39,39,39,39,40,41,42,42,42,43,44,44,45,46,46,48,48,49,50,50,50,51,52,52,52,54,54,54,55,57,57,58,59,00
0.22,0.12,0.12,0.12,0.12,0.12,0.12,0.12,0.12,0.18,0.12,0.12,0.12,0.12,0.12,0.12,0.12,0.12,0.12,0.12,0.12,0.12,0.12,0.12,0.12,0.22,0.18,0.12,0.12,0.12,0.12,0.12,0.12,0.12,0.22,0.12,0.12,0.12,0.12,0.12,0.12,0.12,0.12,0.12,0.22,0.12,0.12,0.12,0.12,0.12,0.18,0.12,0.12,0.12,0.12,0.12,0.12,0.22,0.12,0.12,0.12,0.12,0.12,0.12,0.12,0.12,0.12,0.12,0.12,0.12,0.12,0.12,0.12,0.12,0.12,0.12,0.12,0.12,0.12,0.12,0.12,0.12,0.12,0.12,0.12,0.12,0.12,0.12,0.12,0.12
1,1,1,1,1,1,1,1,1,1,1,1,1,1,1,1,1,1,1,1,1,1,1,1,1,1,1,1,1,1,1,1,1,1,1,1,1,1,1,1,1,1,1,1,1,1,1,1,1,1,1,1,1,1,1,1,1,1,1,1,1,1,1,1,1,1,1,1,1,1,1,1,1,1,1,1,1,1,1,1,1,1,1,1,1,1,1,1
00,00,01,02,03,04,05,05,07,07,09,10,11,11,12,12,12,13,13,13,15,16,16,17,17,17,17,19,19,20,20,20,22,22,23,24,24,24,25,26,26,26,27,28,29,30,31,31,32,32,33,33,34,34,34,35,36,37,38,38,39,40,41,42,42,44,44,45,46,48,48,48,49,50,51,51,51,53,54,54,54,55,55,56,57,58,59,00
0.12,0.12,0.12,0.12,0.12,0.12,0.12,0.12,0.12,0.12,0.12,0.12,0.12,0.12,0.12,0.12,0.12,0.22,0.12,0.12,0.12,0.12,0.12,0.12,0.12,0.12,0.12,0.12,0.12,0.12,0.12,0.12,0.18,0.12,0.12,0.12,0.12,0.12,0.12,0.12,0.12,0.12,0.12,0.12,0.12,0.12,0.12,0.12,0.12,0.12,0.12,0.12,0.12,0.22,0.12,0.12,0.12,0.12,0.12,0.12,0.12,0.12,0.12,0.12,0.12,0.12,0.12,0.12,0.12,0.12,0.22,0.12,0.12,0.12,0.22,0.12,0.12,0.12,0.12,0.22,0.12,0.12,0.12,0.12,0.12,0.12,0.12,0.12
1,1,1,1,1,1,1,1,1,1,1,1,1,1,1,1,1,1,1,1,1,1,1,1,1,1,1,1,1,1,1,1,1,1,1,1,1,1,1,1,1,1,1,1,1,1,1,1,1,1,1,1,1,1,1,1,1,1,1,1,1,1,1,1,1,1,1,1,1,1,1,1,1,1,1,1,1,1,1,1,1,1,1,1,1,1,1,1,1,1,1,1,1,1,1,1,1,1,1,1,1,1,1,1,1,1,1,1,1,1,1,1,1,1,1,1,1,1,1,1,1,1,1,1,1,1,1,1,1,1,1,1,1,1,1,1,1,1,1,1,1,1,1,1,1,1,1,1,1,1,1,1,1,1,1,1,1,1,1,1,1,1,1,1,1,1,1,1,1,1,1,1,1,1,1,1
01,02,03,03,04,05,05,05,06,07,07,07,08,09,10,10,10,10,11,11,12,12,12,13,13,13,14,14,14,15,15,15,15,16,16,16,17,17,17,18,18,18,19,19,19,19,20,20,20,21,21,21,21,22,22,22,22,23,23,23,24,24,24,24,25,25,26,26,27,27,27,28,28,28,29,29,30,30,31,31,31,32,32,32,33,33,33,34,34,34,34,35,35,35,36,36,36,36,37,37,37,37,38,38,38,39,39,39,39,40,40,40,40,41,41,42,42,42,43,43,43,44,44,44,45,45,45,45,46,46,46,47,47,47,47,48,49,49,49,49,50,50,50,50,50,51,51,51,51,52,52,52,53,53,53,54,54,54,54,55,55,55,56,56,56,57,57,57,58,58,58,58,59,59,59,00
0.12,0.12,0.12,0.12,0.18,0.12,0.12,0.12,0.12,0.12,0.12,0.12,0.12,0.12,0.18,0.12,0.12,0.25,0.18,0.2,0.18,0.12,0.12,0.12,0.18,0.2,0.18,0.12,0.12,0.12,0.18,0.22,0.12,0.12,0.12,0.12,0.12,0.18,0.22,0.18,0.12,0.22,0.12,0.18,0.12,0.12,0.12,0.12,0.22,0.12,0.18,0.12,0.12,0.12,0.12,0.22,0.12,0.18,0.12,0.12,0.12,0.12,0.22,0.12,0.18,0.12,0.12,0.27,0.18,0.12,0.12,0.12,0.12,0.28,0.12,0.12,0.12,0.28,0.18,0.12,0.12,0.12,0.18,0.12,0.18,0.12,0.22,0.12,0.18,0.12,0.12,0.12,0.12,0.22,0.12,0.12,0.18,0.12,0.12,0.12,0.22,0.12,0.18,0.12,0.12,0.12,0.12,0.22,0.12,0.18,0.12,0.12,0.25,0.12,0.27,0.18,0.12,0.12,0.12,0.12,0.28,0.18,0.12,0.12,0.12,0.12,0.28,0.12,0.12,0.12,0.18,0.12,0.18,0.12,0.12,0.18,0.12,0.12,0.18,0.12,0.12,0.12,0.22,0.12,0.18,0.12,0.18,0.12,0.25,0.12,0.22,0.12,0.12,0.18,0.12,0.12,0.12,0.22,0.12,0.12,0.18,0.12,0.12,0.12,0.27,0.12,0.18,0.12,0.12,0.12,0.28,0.12,0.12,0.12,0.12,0.12
1,1,1,1,1,1,1,1,1,1,1,1,1,1,1,1,1,1,1,1,1,1,1,1,1,1,1,1,1,1,1,1,1,1,1,1,1,1,1,1,1,1,1,1,1,1,1,1,1,1,1,1,1,1,1,1,1,1,1,1,1,1,1,1,1,1,1,1,1,1,1,1,1,1,1,1,1,1,1,1,1,1,1,1,1,1,1,1,1,1,1,1,1,1,1,1,1,1,1,1,1,1,1,1,1,1,1,1,1,1,1,1,1,1,1,1,1,1,1,1,1,1,1,1,1,1,1,1,1,1,1,1,1,1,1,1,1,1,1,1,1,1,1,1,1,1,1,1,1,1,1,1,1,1,1,1,1,1,1,1,1,1,1,1,1,1,1,1,1,1,1,1,1,1,1,1,1,1,1,1
00,00,01,01,01,02,02,02,03,03,03,04,04,04,04,05,05,05,06,06,06,06,07,07,07,07,07,08,08,08,09,09,09,09,10,10,10,10,11,11,12,12,12,13,13,13,14,14,14,15,15,15,16,16,16,17,17,17,18,18,18,19,19,19,19,20,20,21,21,21,21,22,22,22,22,23,23,24,24,24,25,25,26,26,27,27,27,27,28,28,28,29,29,29,30,30,31,31,31,32,32,32,33,33,33,34,34,34,35,35,36,36,36,36,36,37,37,38,38,38,38,39,39,39,40,40,40,40,41,41,41,42,42,42,42,44,44,44,45,45,45,46,46,46,47,47,47,48,48,48,49,49,49,50,50,51,51,51,52,52,52,53,53,53,54,54,54,55,55,55,57,57,58,58,58,58,59,59,59,00
0.12,0.28,0.12,0.18,0.12,0.12,0.12,0.18,0.18,0.12,0.22,0.12,0.12,0.18,0.12,0.12,0.12,0.22,0.12,0.12,0.18,0.12,0.12,0.12,0.22,0.12,0.12,0.18,0.18,0.12,0.12,0.12,0.22,0.12,0.12,0.18,0.12,0.25,0.12,0.27,0.12,0.18,0.12,0.12,0.12,0.28,0.12,0.18,0.12,0.12,0.12,0.27,0.12,0.18,0.12,0.12,0.12,0.18,0.12,0.18,0.2,0.12,0.12,0.18,0.12,0.18,0.22,0.12,0.12,0.18,0.12,0.18,0.22,0.12,0.12,0.18,0.12,0.18,0.27,0.18,0.12,0.12,0.18,0.27,0.12,0.18,0.12,0.18,0.18,0.27,0.12,0.18,0.18,0.12,0.18,0.27,0.12,0.18,0.12,0.12,0.12,0.18,0.12,0.18,0.2,0.18,0.18,0.12,0.18,0.22,0.12,0.12,0.18,0.12,0.18,0.18,0.22,0.18,0.18,0.12,0.18,0.18,0.12,0.12,0.12,0.18,0.12,0.18,0.18,0.12,0.12,0.12,0.18,0.12,0.12,0.12,0.18,0.12,0.18,0.12,0.12,0.12,0.18,0.12,0.18,0.12,0.12,0.12,0.18,0.2,0.18,0.12,0.18,0.18,0.22,0.18,0.12,0.12,0.12,0.18,0.22,0.18,0.12,0.18,0.18,0.12,0.12,0.12,0.18,0.12,0.12,0.12,0.12,0.18,0.12,0.12,0.12,0.18,0.12,0.18
1,1,1,1,1,1,1,1,1,1,1,1,1,1,1,1,1,1,1,1,1,1,1,1,1,1,1,1,1,1,1,1,1,1,1,1,1,1,1,1,1,1,1,1,1,1,1,1,1,1,1,1,1,1,1,1,1,1,1,1,1,1,1,1,1,1,1,1,1,1,1,1,1,1,1,1,1,1,1,1,1,1,1,1,1,1,1,1,1,1,1,1,1,1,1,1,1,1,1,1,1,1,1,1,1,1,1,1,1,1,1,1,1,1,1,1,1,1,1,1,1,1,1,1,1,1,1,1,1,1,1,1,1,1,1,1,1,1,1,1,1,1,1,1,1,1,1,1,1,1,1,1,1,1,1,1,1,1,1,1,1,1,1,1,1,1,1,1,1,1,1,1,1,1,1,1,1,1,1,1,1,1,1,1,1,1,1,1,1
00,00,01,01,01,02,02,02,02,03,03,04,04,04,04,05,05,05,06,06,06,07,07,07,08,08,08,09,09,10,10,10,11,11,11,12,12,12,13,13,13,13,14,14,14,14,14,15,15,15,16,16,16,16,17,17,17,17,18,18,18,19,19,20,20,21,21,21,22,22,22,23,23,23,24,24,24,25,25,25,26,26,26,26,27,27,27,27,28,28,28,29,29,29,29,30,30,30,31,31,31,32,32,32,32,33,33,34,34,35,35,36,36,36,37,37,37,38,38,38,39,39,39,40,40,40,41,41,41,41,42,42,42,43,43,43,43,43,44,44,44,44,45,45,45,46,46,46,47,47,47,47,48,48,48,49,49,50,50,50,51,51,51,52,52,52,53,53,53,54,54,54,55,55,55,56,56,56,57,57,57,57,58,58,58,59,59,59,00
0.12,0.12,0.12,0.18,0.12,0.18,0.12,0.12,0.25,0.18,0.2,0.18,0.12,0.12,0.12,0.18,0.22,0.12,0.12,0.12,0.12,0.12,0.18,0.22,0.18,0.12,0.18,0.18,0.12,0.18,0.12,0.22,0.12,0.18,0.12,0.18,0.12,0.22,0.12,0.18,0.12,0.12,0.12,0.12,0.22,0.12,0.18,0.18,0.12,0.12,0.12,0.12,0.22,0.12,0.18,0.12,0.12,0.25,0.12,0.27,0.18,0.18,0.12,0.18,0.22,0.18,0.12,0.12,0.12,0.18,0.22,0.18,0.12,0.12,0.12,0.12,0.18,0.18,0.12,0.22,0.12,0.12,0.18,0.12,0.12,0.12,0.22,0.12,0.18,0.12,0.12,0.12,0.12,0.22,0.12,0.18,0.12,0.12,0.12,0.12,0.27,0.18,0.12,0.12,0.25,0.12,0.27,0.12,0.18,0.12,0.28,0.18,0.12,0.12,0.12,0.18,0.22,0.18,0.12,0.12,0.12,0.12,0.18,0.18,0.12,0.22,0.12,0.12,0.18,0.12,0.12,0.12,0.2,0.12,0.12,0.18,0.12,0.25,0.12,0.22,0.12,0.18,0.12,0.18,0.12,0.12,0.12,0.27,0.12,0.18,0.12,0.25,0.12,0.27,0.18,0.12,0.18,0.18,0.12,0.28,0.12,0.18,0.12,0.12,0.12,0.28,0.12,0.18,0.12,0.12,0.12,0.18,0.18,0.12,0.2,0.12,0.12,0.18,0.12,0.18,0.22,0.12,0.12,0.18,0.12,0.18,0.22,0.12,0.12
1,1,1,1,1,1,1,1,1,1,1,1,1,1,1,1,1,1,1,1,1,1,1,1,1,1,1,1,1,1,1,1,1,1,1,1,1,1,1,1,1,1,1,1,1,1,1,1,1,1,1,1,1,1,1,1,1,1,1,1,1,1,1,1,1,1,1,1,1,1,1,1,1
00,00,01,01,01,02,02,02,02,03,04,04,05,05,05,06,06,06,07,07,07,08,08,08,09,09,10,10,10,11,11,11,12,12,12,12,13,13,13,13,14,14,14,15,15,15,16,16,16,17,17,17,17,18,18,19,19,19,20,20,21,21,21,22,22,23,23,23,24,24,25,25,19
0.18,0.12,0.12,0.12,0.27,0.12,0.12,0.12,0.12,0.2,0.12,0.18,0.18,0.12,0.28,0.12,0.18,0.12,0.12,0.12,0.27,0.12,0.18,0.18,0.12,0.18,0.12,0.18,0.2,0.12,0.12,0.18,0.12,0.18,0.22,0.12,0.12,0.18,0.12,0.18,0.18,0.22,0.12,0.12,0.18,0.12,0.18,0.12,0.12,0.12,0.18,0.12,0.18,0.18,0.27,0.12,0.18,0.12,0.18,0.27,0.12,0.18,0.12,0.18,0.27,0.12,0.18,0.2,0.18,0.12,0.12,0.13,0.12
