143
1 60
5 2 1 3 1
04 21 45 48 57
0.27 0.22 0.2 0.27 0.27
2 60
5 2 3 2 1
08 19 23 39 40
0.27 0.22 0.27 0.2 0.22
3 60
3 2 5 1 1 1
11 18 28 29 43 44
0.22 0.27 0.27 0.27 0.22 0.2
4 60
1 3 1 5 2
07 07 31 41 43
0.22 0.27 0.27 0.27 0.27
5 60
1 2 1 1 1 1 1 1 1 1 5 1 2 2
08 08 09 10 11 14 15 16 18 19 30 45 45 54
0.27 0.32 0.32 0.22 0.27 0.27 0.27 0.27 0.27 0.22 0.22 0.22 0.32 0.27
6 60
2 2 2 2 2 2 2 2 1 2 5 1 1 1 2 1 1 1
10 18 19 20 21 22 23 24 27 40 49 50 51 52 53 54 55 57
0.22 0.27 0.27 0.27 0.27 0.27 0.27 0.32 0.22 0.27 0.22 0.27 0.27 0.27 0.22 0.22 0.22 0.32
7 60
2 1 2 2 2 2 5 5 2
00 31 41 43 44 45 55 56 59
0.22 0.27 0.22 0.27 0.22 0.22 0.22 0.32 0.22
8 60
5 2 1 1 1 1
12 30 35 36 38 54
0.22 0.22 0.27 0.27 0.22 0.22
9 60
2 2 2 5 1
04 33 36 47 59
0.27 0.22 0.22 0.27 0.27
10 60
2 2 2 2 2 2 1 2 2 2 5
03 05 06 07 10 11 28 38 42 44 53
0.22 0.27 0.27 0.27 0.27 0.27 0.2 0.32 0.22 0.2 0.27
11 60
5 1 2 2 1 2 2 2 5 5 5
00 02 02 15 32 36 37 38 54 55 58
0.22 0.32 0.27 0.27 0.27 0.27 0.27 0.32 0.22 0.27 0.27
12 60
5 1 2 5 5 5 5 5 5 5 5 5 5 5 2 5
03 03 04 06 08 10 13 16 17 20 21 22 23 24 25 27
0.27 0.32 0.27 0.27 0.27 0.27 0.32 0.32 0.27 0.27 0.27 0.27 0.27 0.22 0.32 0.22
13 60
2 1 5 1 1 1 2 1 1 2 2 2 2 2
00 08 09 11 12 12 27 35 37 38 43 44 45 46
0.27 0.27 0.27 0.27 0.22 0.2 0.32 0.22 0.27 0.27 0.27 0.27 0.27 0.27
14 60
2 2 2 2 2 2 5 5 1 2 2 2 2 5 2
01 02 04 06 09 10 11 12 14 28 29 30 31 35 36
0.27 0.27 0.32 0.27 0.27 0.22 0.27 0.27 0.2 0.27 0.27 0.27 0.22 0.22 0.22
15 60
1 2 2 5 5
00 07 13 39 53
0.27 0.27 0.22 0.27 0.22
16 60
1 1 5 2 2 2 2 2 2 2 2 2 2 2 2 2
01 03 08 16 17 36 37 39 40 42 43 45 46 47 48 52
0.22 0.2 0.22 0.27 0.22 0.22 0.27 0.22 0.22 0.32 0.22 0.22 0.32 0.27 0.27 0.27
17 60
1 1 5 2 1 1
04 11 24 36 55 56
0.22 0.27 0.27 0.27 0.2 0.27
18 60
2 1 1 2 2 2
00 02 13 39 40 59
0.22 0.32 0.27 0.22 0.2 0.27
19 60
2 2 1 2
32 33 49 49
0.22 0.27 0.27 0.22
20 60
2 1 1 1 2 2 2 2
21 49 50 52 55 56 58 59
0.2 0.27 0.22 0.22 0.32 0.27 0.27 0.27
21 60
1 2 1 1 1 2 1
20 24 51 53 55 55 59
0.27 0.2 0.27 0.27 0.22 0.27 0.2
22 60
2 1 1
01 10 48
0.22 0.27 0.27
23 60
2 1 1 1 1 1
06 14 39 40 43 44
0.32 0.27 0.32 0.27 0.27 0.27
24 60
1 1 2 2 2 2 2
12 19 29 48 54 55 56
0.22 0.2 0.22 0.27 0.27 0.27 0.22
25 60
2 1 1 2 2 2 2
01 13 16 53 54 57 59
0.27 0.27 0.2 0.22 0.27 0.27 0.27
26 60
2 1 2 2 1
03 18 18 21 37
0.2 0.32 0.32 0.27 0.27
27 60
1 2 2
01 22 39
0.27 0.32 0.27
28 60
1 1 1 1 2
02 05 08 48 49
0.22 0.27 0.2 0.27 0.27
29 60
2 1 1 1 2 2
24 25 49 51 54 55
0.22 0.25 0.22 0.27 0.27 0.27
30 60
1 2 1 2 2 1 1 1
01 23 27 30 33 42 43 50
0.22 0.22 0.22 0.27 0.2 0.27 0.22 0.32
31 60
1 1 2 1 1 1 2 1 1 1 1 1 1
00 03 24 25 33 34 36 44 46 49 50 58 59
0.27 0.32 0.27 0.32 0.27 0.27 0.32 0.27 0.22 0.27 0.22 0.27 0.27
32 60
1 1 1 1 1 1 1 1 1 1 2
10 15 18 19 21 35 38 44 45 45 49
0.27 0.27 0.27 0.22 0.27 0.27 0.27 0.27 0.22 0.27 0.22
33 60
1 2 1 2 2 2 2
01 09 48 51 53 55 56
0.27 0.27 0.22 0.27 0.27 0.27 0.32
34 60
1 2 2 2 2 2 2 2 2 2 1
05 08 15 16 18 21 22 23 25 30 50
0.22 0.27 0.27 0.32 0.27 0.27 0.22 0.2 0.27 0.22 0.22
35 60
1 2 1
25 51 53
0.22 0.22 0.2
36 60
1 2
05 23
0.22 0.22
37 60
2 1 2 2 2 2 1 2 2
20 23 25 27 28 38 40 56 57
0.32 0.2 0.32 0.27 0.22 0.32 0.2 0.27 0.22
38 60
1 2 2
19 32 58
0.22 0.32 0.22
39 60
1 2
06 14
0.22 0.27
40 60
1 1 1 2 2 2 2 2 2
05 09 10 15 40 41 42 43 47
0.32 0.27 0.22 0.27 0.22 0.27 0.27 0.32 0.27
41 60
2 2 2 1 1 2
16 17 19 29 30 46
0.27 0.27 0.27 0.32 0.27 0.32
42 60
2 2 2 2 2 2 1
07 20 26 30 33 35 49
0.32 0.32 0.27 0.27 0.22 0.32 0.27
43 60
1 2 2 2 2 2 2 2 2 1 1
00 12 13 14 16 17 19 22 24 51 55
0.25 0.32 0.27 0.27 0.22 0.27 0.27 0.32 0.27 0.27 0.27
44 60
2 2 2 2 2 2
26 26 29 34 49 50
0.27 0.32 0.32 0.22 0.22 0.27
45 60
2 2 2
03 51 54
0.27 0.22 0.32
46 60
2 2
19 23
0.27 0.27
47 60
2 2
26 59
0.2 0.2
48 60
2
38
0.27
49 60
2 2
39 59
0.22 0.27
50 60
2 2
00 12
0.27 0.22
51 60
2
22
0.32
52 60
2 2 2 2 2 2 2 2 2 2 2 2 2
04 29 31 36 37 38 39 40 41 46 51 53 57
0.27 0.27 0.32 0.27 0.22 0.27 0.27 0.27 0.27 0.22 0.32 0.27 0.22
53 60
2 2
08 26
0.22 0.2
54 60
2 2 2 2 2
52 54 55 56 59
0.32 0.27 0.27 0.22 0.27
55 60
2 2 2 2 2 2 2 2 2 2 2 2
00 01 19 30 35 35 36 37 48 50 51 52
0.27 0.22 0.27 0.22 0.27 0.27 0.27 0.32 0.22 0.27 0.27 0.27
56 60
2 2 2
12 36 43
0.22 0.22 0.32
57 60
2
19
0.27
58 60
2 2 2
20 25 41
0.27 0.22 0.27
59 60
2 2
16 46
0.27 0.27
60 60
2 2
03 25
0.22 0.27
61 60
2 2
23 46
0.27 0.22
62 60
2 2 2 2 2 2 2 2 2 2 2
06 28 32 34 35 39 42 43 45 51 56
0.32 0.27 0.2 0.32 0.27 0.2 0.27 0.27 0.22 0.2 0.27
63 60
2 2 2 2 2 2 2 2 2 2 2 2 2 2 2 2 2
03 11 18 21 22 23 25 38 40 43 48 49 50 52 53 55 58
0.32 0.27 0.27 0.32 0.22 0.27 0.27 0.27 0.27 0.27 0.32 0.27 0.27 0.22 0.27 0.27 0.22
64 60
2 2 2 2 2 2 2 2 2 2 2 2 2
18 18 20 22 23 25 33 35 37 38 40 43 44
0.32 0.27 0.27 0.22 0.27 0.22 0.32 0.27 0.22 0.27 0.27 0.32 0.22
65 60
2 2 2 2 2 2
00 19 21 22 23 24
0.22 0.27 0.27 0.27 0.22 0.22
66 60
2 2 2 2
04 06 29 33
0.32 0.32 0.27 0.2
67 60
2 2 2 2
08 12 15 16
0.27 0.27 0.32 0.32
68 60
2 2 2
43 48 49
0.27 0.2 0.22
69 60
2
56
0.2
70 60
2
29
0.22
71 60
2
00
0.2
72 60
2 2 2 2 2 2 2
02 11 25 43 45 48 49
0.32 0.27 0.32 0.27 0.22 0.27 0.22
73 60
2 2 2 2 2 2 2 2 2 2
02 27 29 31 32 43 54 55 56 58
0.2 0.32 0.27 0.2 0.27 0.27 0.27 0.27 0.27 0.22
74 60
2 2 2 2 2 2 2 2
12 32 33 36 37 39 40 41
0.22 0.27 0.22 0.27 0.32 0.27 0.22 0.22
75 60
2
08
0.22
76 60
2
55
0.22
77 60
2
43
0.32
78 60
2 2 2 2 2 2 2 2
00 44 45 46 48 57 58 59
0.22 0.27 0.27 0.27 0.32 0.27 0.27 0.27
79 60
2 2 2 2 2 2 2 2 2 2 2
01 10 23 26 29 30 32 36 37 40 55
0.22 0.2 0.22 0.22 0.27 0.22 0.32 0.22 0.27 0.2 0.27
80 60
2 2 2 2 2 2 2 2 2 2 2 2 2 2 2 2
02 03 07 08 08 13 32 34 37 38 39 41 42 45 46 49
0.27 0.22 0.27 0.22 0.22 0.22 0.27 0.27 0.32 0.27 0.27 0.22 0.27 0.22 0.27 0.22
81 60
2 2 2 2 2 2 2 2 2 2 2 2 2 2 2 2 2 2 2 2 2
12 13 15 16 19 19 22 23 39 40 41 43 44 45 47 49 52 53 53 55 59
0.32 0.32 0.27 0.27 0.27 0.32 0.22 0.22 0.22 0.22 0.27 0.32 0.32 0.27 0.27 0.27 0.22 0.22 0.22 0.22 0.32
82 60
2 2 2 2 2 2 2 2
14 15 16 18 18 20 22 38
0.22 0.27 0.27 0.27 0.27 0.27 0.27 0.27
83 60
2
50
0.27
84 60
2
56
0.27
85 60
2
28
0.32
86 60
2 2 2 2 2 2 2
04 30 31 34 57 58 59
0.22 0.27 0.22 0.27 0.27 0.27 0.22
87 60
2 2 2 2
21 39 46 47
0.22 0.2 0.22 0.27
88 60
2 2
02 50
0.32 0.2
89 60
2 2
18 42
0.27 0.27
90 60
2 2 2 2 2 2 2 2 2
14 22 42 44 45 46 50 51 56
0.2 0.27 0.27 0.27 0.2 0.27 0.22 0.27 0.32
91 60
2 2 2 2 2 2 2 2
05 19 22 23 43 46 48 49
0.2 0.32 0.27 0.27 0.27 0.2 0.2 0.2
92 60
2 2 2 2 2
31 35 38 39 56
0.22 0.27 0.27 0.27 0.22
93 60
2 2 2
00 57 58
0.32 0.27 0.32
94 60
2 2 2
32 35 48
0.22 0.22 0.27
95 60
2 2
34 54
0.2 0.22
96 60
2 2 2
38 43 45
0.27 0.27 0.27
97 60
2
55
0.27
98 60
2 2
00 58
0.22 0.27
99 60
2 2 2 2 2 2 2 2 2 2 2 2 2 2 2 2 2
01 03 08 10 13 16 17 20 21 22 23 24 31 32 37 40 41
0.27 0.27 0.27 0.27 0.32 0.32 0.27 0.27 0.27 0.27 0.27 0.22 0.27 0.22 0.22 0.27 0.2
100 60
2 2 2 2 2 2
13 27 28 30 37 44
0.27 0.22 0.27 0.27 0.27 0.22
101 60
2
29
0.22
102 60
2 2
00 55
0.25 0.22
103 60
2 2
02 22
0.27 0.27
104 60
2 2 2 2
15 23 41 44
0.22 0.2 0.27 0.27
105 60
2 2 2
04 17 39
0.27 0.22 0.32
106 60
2 2 2 2 2 2 2
05 11 15 30 36 40 41
0.32 0.27 0.27 0.32 0.27 0.27 0.22
107 60
2 2 2 2 2 2 2 2 2 2 2
18 22 23 24 26 28 29 30 31 33 34
0.27 0.27 0.22 0.22 0.32 0.27 0.27 0.27 0.22 0.27 0.27
108 60
2
25
0.27
109 60
2 2 2 2 2 2 2 2 2
15 26 27 28 29 30 53 55 57
0.27 0.27 0.27 0.27 0.27 0.22 0.27 0.27 0.22
110 60
2 2 2 2 2 2 2
16 18 22 23 25 27 34
0.27 0.27 0.27 0.27 0.27 0.22 0.22
111 60
2
31
0.27
112 60
2 2 2 2 2 2
07 35 36 38 44 48
0.27 0.32 0.27 0.22 0.22 0.32
113 60
2 2 2 2 2 2 2 2
08 09 10 11 12 35 48 50
0.27 0.27 0.27 0.22 0.27 0.22 0.32 0.27
114 60
2 2 2
13 13 15
0.27 0.27 0.22
115 60
2 2 2
14 18 31
0.32 0.27 0.32
116 60
2 2 2 2
33 34 37 44
0.27 0.27 0.22 0.27
117 60
2 2 2 2 2 2
16 45 46 47 51 54
0.27 0.27 0.27 0.22 0.32 0.22
118 60
2 2 2 2 2 2 2 2 2 2 2 2 2 2 2 2 2
03 17 18 21 23 24 29 31 35 36 40 41 43 45 54 55 59
0.27 0.27 0.22 0.27 0.22 0.22 0.22 0.27 0.27 0.27 0.27 0.22 0.27 0.27 0.27 0.27 0.22
119 60
2 2 2
04 06 31
0.25 0.27 0.32
120 60
2 2 2 2
09 34 35 42
0.27 0.32 0.32 0.25
121 60
2 2
35 45
0.2 0.27
122 60
2
19
0.27
123 60
2 2 2
05 21 37
0.22 0.22 0.22
124 60
2 2 2 2 2 2
13 39 45 46 48 52
0.27 0.27 0.27 0.22 0.27 0.27
125 60
2 2
03 25
0.2 0.25
126 60
2
07
0.27
127 60
2 2 2
12 15 20
0.2 0.2 0.22
128 60
2 2
47 57
0.27 0.22
129 60
2 2 2 2 2
01 49 50 52 59
0.27 0.27 0.32 0.27 0.22
130 60
2 2 2 2 2 2 2 2 2 2 2
02 03 05 11 14 15 20 44 50 51 54
0.27 0.27 0.32 0.27 0.27 0.22 0.22 0.27 0.27 0.22 0.22
131 60
2 2 2 2 2 2 2 2 2 2 2 2
06 16 18 20 23 37 38 39 42 45 46 48
0.22 0.27 0.27 0.27 0.32 0.22 0.22 0.27 0.32 0.32 0.27 0.27
132 60
2 2 2 2 2 2
07 09 12 17 22 41
0.27 0.27 0.32 0.32 0.27 0.22
133 60
2
17
0.27
134 60
2 2 2 2 2 2 2 2 2 2 2 2 2 2 2 2
16 19 22 23 24 25 26 42 44 46 48 50 51 53 54 55
0.27 0.27 0.32 0.22 0.22 0.22 0.27 0.22 0.27 0.27 0.27 0.27 0.27 0.22 0.22 0.22
135 60
2 2 2 2 2 2 2 2 2 2 2
00 20 22 24 26 27 50 51 56 58 59
0.32 0.27 0.27 0.27 0.22 0.22 0.27 0.22 0.27 0.27 0.27
136 60
2 2 2 2 2 2 2 2
01 21 22 23 30 32 57 58
0.27 0.27 0.27 0.27 0.22 0.27 0.27 0.22
137 60
2 2 2
03 29 30
0.27 0.27 0.22
138 60
2 2 2 2 2 2 2 2 2 2 2
04 06 06 08 09 31 32 37 38 39 43
0.27 0.27 0.27 0.27 0.22 0.22 0.27 0.32 0.27 0.32 0.32
139 60
2 2 2 2 2 2 2 2
00 07 40 41 45 47 48 53
0.22 0.27 0.27 0.27 0.22 0.27 0.22 0.32
140 60
2 2 2 2
02 04 07 28
0.22 0.27 0.27 0.27
141 60
2 2 2 2 2 2 2 2 2 2 2 2 2 2 2 2 2 2 2 2 2 2 2
01 08 09 10 12 14 15 17 18 19 20 22 24 25 45 46 47 49 50 53 54 58 59
0.27 0.27 0.27 0.27 0.27 0.22 0.27 0.27 0.32 0.22 0.27 0.27 0.27 0.27 0.32 0.27 0.27 0.22 0.27 0.22 0.27 0.32 0.27
142 60
2 2 2 2 2
02 04 05 19 55
0.27 0.22 0.27 0.22 0.2
143 60
2
17
0.32
