30
1 60
4 1
38 41
0.12 0.12
2 60
1 4 4 4
02 05 39 49
0.12 0.12 0.12 0.12
3 60
4 1 4 4 1 1 4 1 1 1 1 4
05 05 06 07 07 10 15 18 20 26 55 56
0.12 0.12 0.12 0.12 0.12 0.12 0.12 0.12 0.12 0.12 0.12 0.2
4 60
1 1 1 4 1 4
08 11 24 36 49 56
0.22 0.12 0.12 0.18 0.12 0.12
5 60
4 4 1
07 47 54
0.12 0.12 0.12
6 60
1
43
0.12
7 60
1 1 1 1 1 1 1 1 1 1 1
11 44 44 44 45 46 48 48 48 49 53
0.12 0.12 0.18 0.12 0.12 0.12 0.12 0.12 0.12 0.12 0.12
8 60
1 1 1 1
04 14 16 22
0.12 0.12 0.12 0.18
9 60
1 1 1 1 1 1 1 1 1 1 1 1
04 05 05 05 06 07 09 31 36 37 42 56
0.12 0.12 0.12 0.12 0.12 0.12 0.12 0.12 0.12 0.12 0.12 0.12
10 60
1 1
32 43
0.12 0.12
11 60
1 1 1 1 1 1 1 1 1 1 1 1
05 32 32 33 33 34 34 35 36 36 37 57
0.12 0.12 0.12 0.12 0.12 0.12 0.12 0.12 0.12 0.12 0.12 0.12
12 60
1 1 1 1
01 08 11 58
0.12 0.12 0.12 0.18
13 60
1
02
0.12
14 60
1 1 1 1 1 1 1 1 1 1 1 1 1 1
01 03 03 04 05 05 05 06 06 07 16 40 47 57
0.12 0.12 0.12 0.12 0.12 0.12 0.12 0.12 0.12 0.12 0.12 0.2 0.12 0.12
15 60
1 1 1 1 1
29 33 41 46 50
0.12 0.12 0.12 0.12 0.12
16 60
1 1 1 1 1 1 1 1 1 1 1 1 1 1
06 43 43 44 44 45 46 46 47 47 48 49 53 58
0.12 0.12 0.12 0.12 0.12 0.2 0.12 0.12 0.12 0.12 0.12 0.12 0.12 0.2
17 60
1 1 1 1 1 1
02 08 11 44 55 59
0.12 0.12 0.12 0.12 0.12 0.22
18 60
1 1
38 52
0.12 0.12
19 60
1 1 1 1 1 1 1 1 1
49 53 53 54 55 55 57 58 58
0.12 0.12 0.12 0.22 0.12 0.12 0.12 0.12 0.12
20 60
1
03
0.12
21 60
1 1 1 1
10 19 52 56
0.12 0.12 0.12 0.12
22 60
1 1 1 1
09 24 27 37
0.12 0.12 0.12 0.12
23 60
1 1 1 1
10 12 19 22
0.12 0.12 0.12 0.22
24 60
1 1 1 1 1 1 1 1 1 1 1 1 1 1
09 11 11 11 12 13 13 14 14 14 15 16 23 26
0.12 0.12 0.12 0.12 0.12 0.12 0.12 0.12 0.12 0.12 0.12 0.12 0.12 0.12
25 60
1 1 1
12 27 51
0.12 0.12 0.2
26 60
1 1 1 1 1 1 1 1 1 1 1
31 52 52 53 54 54 55 56 56 56 57
0.2 0.12 0.22 0.12 0.12 0.22 0.12 0.12 0.12 0.12 0.12
27 60
1 1 1 1
28 47 51 55
0.12 0.12 0.12 0.12
28 60
1 1 1 1 1
02 31 44 51 54
0.12 0.12 0.12 0.12 0.22
29 60
1 1 1 1 1 1 1
05 07 10 16 19 22 55
0.2 0.12 0.12 0.12 0.12 0.12 0.12
30 60
1 1
06 58
0.12 0.12
