5,1,1,2,3
04,45,57,21,48
0.27,0.2,0.27,0.22,0.27
5,1,2,2,3
08,40,39,19,23
0.27,0.22,0.2,0.22,0.27
5,1,1,1,2,3
28,43,44,29,18,11
0.27,0.22,0.2,0.27,0.27,0.22
5,1,1,2,3
41,31,07,43,07
0.27,0.27,0.22,0.27,0.27
5,1,1,1,1,1,1,1,1,1,1,2,2,2
30,08,09,10,11,14,15,16,18,19,45,45,54,08
0.22,0.27,0.32,0.22,0.27,0.27,0.27,0.27,0.27,0.22,0.22,0.32,0.27,0.32
5,1,1,1,1,1,1,1,2,2,2,2,2,2,2,2,2,2
49,50,51,52,54,55,57,27,10,18,19,20,21,22,23,24,53,40
0.22,0.27,0.27,0.27,0.22,0.22,0.32,0.22,0.22,0.27,0.27,0.27,0.27,0.27,0.27,0.32,0.22,0.27
5,5,1,2,2,2,2,2,2
55,56,31,41,43,44,45,59,00
0.22,0.32,0.27,0.22,0.27,0.22,0.22,0.22,0.22
5,1,1,1,1,2
12,35,36,38,54,30
0.22,0.27,0.27,0.22,0.22,0.22
5,1,2,2,2
47,59,33,36,04
0.27,0.27,0.22,0.22,0.27
5,1,2,2,2,2,2,2,2,2,2
53,28,05,06,07,10,11,38,42,44,03
0.27,0.2,0.27,0.27,0.27,0.27,0.27,0.32,0.22,0.2,0.22
5,5,5,5,1,1,2,2,2,2,2
54,55,58,00,32,02,15,36,37,38,02
0.22,0.27,0.27,0.22,0.27,0.32,0.27,0.27,0.27,0.32,0.27
5,5,5,5,5,5,5,5,5,5,5,5,5,1,2,2
03,08,10,13,16,17,20,21,22,23,24,27,06,03,04,25
0.27,0.27,0.27,0.32,0.32,0.27,0.27,0.27,0.27,0.27,0.22,0.22,0.27,0.32,0.27,0.32
5,1,1,1,1,1,1,2,2,2,2,2,2,2
09,08,11,12,35,37,12,27,38,43,44,45,46,00
0.27,0.27,0.27,0.22,0.22,0.27,0.2,0.32,0.27,0.27,0.27,0.27,0.27,0.27
5,5,5,1,2,2,2,2,2,2,2,2,2,2,2
11,12,35,14,01,02,04,09,10,28,29,30,31,36,06
0.27,0.27,0.22,0.2,0.27,0.27,0.32,0.27,0.22,0.27,0.27,0.27,0.22,0.22,0.27
5,5,1,2,2
39,53,00,07,13
0.27,0.22,0.27,0.27,0.22
5,1,1,2,2,2,2,2,2,2,2,2,2,2,2,2
08,03,01,16,17,36,37,39,40,42,45,46,47,48,52,43
0.22,0.2,0.22,0.27,0.22,0.22,0.27,0.22,0.22,0.32,0.22,0.32,0.27,0.27,0.27,0.22
5,1,1,1,1,2
24,04,55,56,11,36
0.27,0.22,0.2,0.27,0.27,0.27
1,1,2,2,2,2
13,02,39,40,59,00
0.27,0.32,0.22,0.2,0.27,0.22
1,2,2,2
49,32,33,49
0.27,0.22,0.27,0.22
1,1,1,2,2,2,2,2
50,52,49,55,56,58,59,21
0.22,0.22,0.27,0.32,0.27,0.27,0.27,0.2
1,1,1,1,1,2,2
51,53,55,59,20,24,55
0.27,0.27,0.22,0.2,0.27,0.2,0.27
1,1,2
48,10,01
0.27,0.27,0.22
1,1,1,1,1,2
39,40,43,44,14,06
0.32,0.27,0.27,0.27,0.27,0.32
1,1,2,2,2,2,2
19,12,29,54,55,56,48
0.2,0.22,0.22,0.27,0.27,0.22,0.27
1,1,2,2,2,2,2
13,16,53,54,57,59,01
0.27,0.2,0.22,0.27,0.27,0.27,0.27
1,1,2,2,2
18,37,03,18,21
0.32,0.27,0.2,0.32,0.27
1,2,2
01,22,39
0.27,0.32,0.27
1,1,1,1,2
02,05,08,48,49
0.22,0.27,0.2,0.27,0.27
1,1,1,2,2,2
49,51,25,54,55,24
0.22,0.27,0.25,0.27,0.27,0.22
1,1,1,1,1,2,2,2
27,42,43,50,01,30,33,23
0.22,0.27,0.22,0.32,0.22,0.27,0.2,0.22
1,1,1,1,1,1,1,1,1,1,1,2,2
03,25,33,34,44,46,49,50,58,59,00,24,36
0.32,0.32,0.27,0.27,0.27,0.22,0.27,0.22,0.27,0.27,0.27,0.27,0.32
1,1,1,1,1,1,1,1,1,1,2
10,15,18,19,21,35,38,44,45,45,49
0.27,0.27,0.27,0.22,0.27,0.27,0.27,0.27,0.22,0.27,0.22
1,1,2,2,2,2,2
48,01,51,53,55,56,09
0.22,0.27,0.27,0.27,0.27,0.32,0.27
1,1,2,2,2,2,2,2,2,2,2
05,50,15,16,18,21,22,23,25,30,08
0.22,0.22,0.27,0.32,0.27,0.27,0.22,0.2,0.27,0.22,0.27
1,1,2
53,25,51
0.2,0.22,0.22
1,2
05,23
0.22,0.22
1,1,2,2,2,2,2,2,2
23,40,25,27,28,38,56,57,20
0.2,0.2,0.32,0.27,0.22,0.32,0.27,0.22,0.32
1,2,2
19,58,32
0.22,0.22,0.32
1,2
06,14
0.22,0.27
1,1,1,2,2,2,2,2,2
09,10,05,40,41,42,43,47,15
0.27,0.22,0.32,0.22,0.27,0.27,0.32,0.27,0.27
1,1,2,2,2,2
30,29,16,17,46,19
0.27,0.32,0.27,0.27,0.32,0.27
1,2,2,2,2,2,2
49,20,26,30,33,35,07
0.27,0.32,0.27,0.27,0.22,0.32,0.32
1,1,1,2,2,2,2,2,2,2,2
51,55,00,12,13,14,16,17,19,22,24
0.27,0.27,0.25,0.32,0.27,0.27,0.22,0.27,0.27,0.32,0.27
2,2,2,2,2,2
26,29,34,49,50,26
0.27,0.32,0.22,0.22,0.27,0.32
2,2,2
51,54,03
0.22,0.32,0.27
2,2
19,23
0.27,0.27
2,2
26,59
0.2,0.2
2
38
0.27
2,2
39,59
0.22,0.27
2,2
00,12
0.27,0.22
2
22
0.32
2,2,2,2,2,2,2,2,2,2,2,2,2
29,31,36,37,38,39,40,41,46,51,53,57,04
0.27,0.32,0.27,0.22,0.27,0.27,0.27,0.27,0.22,0.32,0.27,0.22,0.27
2,2
08,26
0.22,0.2
2,2,2,2,2
52,54,55,56,59
0.32,0.27,0.27,0.22,0.27
2,2,2,2,2,2,2,2,2,2,2,2
00,01,19,30,35,36,37,48,50,51,52,35
0.27,0.22,0.27,0.22,0.27,0.27,0.32,0.22,0.27,0.27,0.27,0.27
2,2,2
36,43,12
0.22,0.32,0.22
2
19
0.27
2,2,2
20,25,41
0.27,0.22,0.27
2,2
46,16
0.27,0.27
2,2
25,03
0.27,0.22
2,2
46,23
0.22,0.27
2,2,2,2,2,2,2,2,2,2,2
28,32,34,35,39,42,43,45,51,56,06
0.27,0.2,0.32,0.27,0.2,0.27,0.27,0.22,0.2,0.27,0.32
2,2,2,2,2,2,2,2,2,2,2,2,2,2,2,2,2
11,18,21,22,23,25,38,40,43,48,49,50,52,53,55,58,03
0.27,0.27,0.32,0.22,0.27,0.27,0.27,0.27,0.27,0.32,0.27,0.27,0.22,0.27,0.27,0.22,0.32
2,2,2,2,2,2,2,2,2,2,2,2,2
18,20,22,23,25,33,35,37,38,40,43,44,18
0.32,0.27,0.22,0.27,0.22,0.32,0.27,0.22,0.27,0.27,0.32,0.22,0.27
2,2,2,2,2,2
19,21,22,23,24,00
0.27,0.27,0.27,0.22,0.22,0.22
2,2,2,2
04,29,33,06
0.32,0.27,0.2,0.32
2,2,2,2
08,15,16,12
0.27,0.32,0.32,0.27
2,2,2
48,49,43
0.2,0.22,0.27
2
56
0.2
2
29
0.22
2
00
0.2
2,2,2,2,2,2,2
02,11,43,45,48,49,25
0.32,0.27,0.27,0.22,0.27,0.22,0.32
2,2,2,2,2,2,2,2,2,2
27,29,31,32,43,54,55,56,58,02
0.32,0.27,0.2,0.27,0.27,0.27,0.27,0.27,0.22,0.2
2,2,2,2,2,2,2,2
32,33,36,37,39,40,41,12
0.27,0.22,0.27,0.32,0.27,0.22,0.22,0.22
2
08
0.22
2
55
0.22
2
43
0.32
2,2,2,2,2,2,2,2
44,45,46,48,57,58,59,00
0.27,0.27,0.27,0.32,0.27,0.27,0.27,0.22
2,2,2,2,2,2,2,2,2,2,2
10,23,26,29,30,32,36,37,40,55,01
0.2,0.22,0.22,0.27,0.22,0.32,0.22,0.27,0.2,0.27,0.22
2,2,2,2,2,2,2,2,2,2,2,2,2,2,2,2
02,03,07,08,13,32,34,37,38,39,41,42,45,46,49,08
0.27,0.22,0.27,0.22,0.22,0.27,0.27,0.32,0.27,0.27,0.22,0.27,0.22,0.27,0.22,0.22
2,2,2,2,2,2,2,2,2,2,2,2,2,2,2,2,2,2,2,2,2
12,15,16,19,19,22,23,39,40,41,43,44,45,47,49,52,53,53,55,59,13
0.32,0.27,0.27,0.27,0.32,0.22,0.22,0.22,0.22,0.27,0.32,0.32,0.27,0.27,0.27,0.22,0.22,0.22,0.22,0.32,0.32
2,2,2,2,2,2,2,2
14,15,16,18,20,22,38,18
0.22,0.27,0.27,0.27,0.27,0.27,0.27,0.27
2
50
0.27
2
56
0.27
2
28
0.32
2,2,2,2,2,2,2
30,31,34,57,58,59,04
0.27,0.22,0.27,0.27,0.27,0.22,0.22
2,2,2,2
39,46,47,21
0.2,0.22,0.27,0.22
2,2
50,02
0.2,0.32
2,2
42,18
0.27,0.27
2,2,2,2,2,2,2,2,2
22,42,44,45,46,50,51,56,14
0.27,0.27,0.27,0.2,0.27,0.22,0.27,0.32,0.2
2,2,2,2,2,2,2,2
19,22,23,43,46,48,49,05
0.32,0.27,0.27,0.27,0.2,0.2,0.2,0.2
2,2,2,2,2
31,35,38,39,56
0.22,0.27,0.27,0.27,0.22
2,2,2
57,58,00
0.27,0.32,0.32
2,2,2
32,35,48
0.22,0.22,0.27
2,2
54,34
0.22,0.2
2,2,2
38,43,45
0.27,0.27,0.27
2
55
0.27
2,2
58,00
0.27,0.22
2,2,2,2,2,2,2,2,2,2,2,2,2,2,2,2,2
03,08,10,13,16,17,20,21,22,23,24,31,32,37,40,41,01
0.27,0.27,0.27,0.32,0.32,0.27,0.27,0.27,0.27,0.27,0.22,0.27,0.22,0.22,0.27,0.2,0.27
2,2,2,2,2,2
27,28,30,37,44,13
0.22,0.27,0.27,0.27,0.22,0.27
2
29
0.22
2,2
55,00
0.22,0.25
2,2
02,22
0.27,0.27
2,2,2,2
23,41,44,15
0.2,0.27,0.27,0.22
2,2,2
17,39,04
0.22,0.32,0.27
2,2,2,2,2,2,2
05,11,30,36,40,41,15
0.32,0.27,0.32,0.27,0.27,0.22,0.27
2,2,2,2,2,2,2,2,2,2,2
18,22,23,26,28,29,30,31,33,34,24
0.27,0.27,0.22,0.32,0.27,0.27,0.27,0.22,0.27,0.27,0.22
2
25
0.27
2,2,2,2,2,2,2,2,2
26,27,28,29,30,53,55,57,15
0.27,0.27,0.27,0.27,0.22,0.27,0.27,0.22,0.27
2,2,2,2,2,2,2
16,18,22,23,25,27,34
0.27,0.27,0.27,0.27,0.27,0.22,0.22
2
31
0.27
2,2,2,2,2,2
35,36,38,44,48,07
0.32,0.27,0.22,0.22,0.32,0.27
2,2,2,2,2,2,2,2
08,09,10,11,35,48,50,12
0.27,0.27,0.27,0.22,0.22,0.32,0.27,0.27
2,2,2
13,15,13
0.27,0.22,0.27
2,2,2
14,18,31
0.32,0.27,0.32
2,2,2,2
33,34,37,44
0.27,0.27,0.22,0.27
2,2,2,2,2,2
45,46,47,51,54,16
0.27,0.27,0.22,0.32,0.22,0.27
2,2,2,2,2,2,2,2,2,2,2,2,2,2,2,2,2
17,18,21,23,24,29,31,35,36,40,41,43,45,54,55,59,03
0.27,0.22,0.27,0.22,0.22,0.22,0.27,0.27,0.27,0.27,0.22,0.27,0.27,0.27,0.27,0.22,0.27
2,2,2
04,06,31
0.25,0.27,0.32
2,2,2,2
34,35,42,09
0.32,0.32,0.25,0.27
2,2
45,35
0.27,0.2
2
19
0.27
2,2,2
21,37,05
0.22,0.22,0.22
2,2,2,2,2,2
39,45,46,48,52,13
0.27,0.27,0.22,0.27,0.27,0.27
2,2
25,03
0.25,0.2
2
07
0.27
2,2,2
12,20,15
0.2,0.22,0.2
2,2
57,47
0.22,0.27
2,2,2,2,2
49,50,52,59,01
0.27,0.32,0.27,0.22,0.27
2,2,2,2,2,2,2,2,2,2,2
02,03,05,11,14,20,44,50,51,54,15
0.27,0.27,0.32,0.27,0.27,0.22,0.27,0.27,0.22,0.22,0.22
2,2,2,2,2,2,2,2,2,2,2,2
16,18,20,23,37,38,39,42,45,46,48,06
0.27,0.27,0.27,0.32,0.22,0.22,0.27,0.32,0.32,0.27,0.27,0.22
2,2,2,2,2,2
07,09,12,17,22,41
0.27,0.27,0.32,0.32,0.27,0.22
2
17
0.27
2,2,2,2,2,2,2,2,2,2,2,2,2,2,2,2
19,22,23,24,25,26,42,44,46,48,50,51,53,54,55,16
0.27,0.32,0.22,0.22,0.22,0.27,0.22,0.27,0.27,0.27,0.27,0.27,0.22,0.22,0.22,0.27
2,2,2,2,2,2,2,2,2,2,2
20,22,24,26,27,50,51,56,58,59,00
0.27,0.27,0.27,0.22,0.22,0.27,0.22,0.27,0.27,0.27,0.32
2,2,2,2,2,2,2,2
21,22,23,30,32,57,58,01
0.27,0.27,0.27,0.22,0.27,0.27,0.22,0.27
2,2,2
29,30,03
0.27,0.22,0.27
2,2,2,2,2,2,2,2,2,2,2
04,06,08,09,31,32,37,38,39,43,06
0.27,0.27,0.27,0.22,0.22,0.27,0.32,0.27,0.32,0.32,0.27
2,2,2,2,2,2,2,2
07,40,41,45,47,48,53,00
0.27,0.27,0.27,0.22,0.27,0.22,0.32,0.22
2,2,2,2
02,04,28,07
0.22,0.27,0.27,0.27
2,2,2,2,2,2,2,2,2,2,2,2,2,2,2,2,2,2,2,2,2,2,2
08,09,10,12,14,15,17,18,19,20,22,24,25,45,46,47,49,50,53,54,58,59,01
0.27,0.27,0.27,0.27,0.22,0.27,0.27,0.32,0.22,0.27,0.27,0.27,0.27,0.32,0.27,0.27,0.22,0.27,0.22,0.27,0.32,0.27,0.27
2,2,2,2,2
02,04,05,19,55
0.27,0.22,0.27,0.22,0.2
2
17
0.32
