102
1 60
1 2
35 56
0.12 0.1
2 60
2
42
0.12
3 60
2
18
0.12
4 60
2 2 2 2
20 24 32 48
0.1 0.12 0.12 0.12
5 60
2
03
0.1
6 60
2 2
40 41
0.12 0.12
7 60
2
13
0.12
8 60
2 2 2
00 18 58
0.12 0.1 0.12
9 60
2 2 2 2
01 02 28 32
0.12 0.1 0.12 0.12
10 60
2 2 2 2
02 29 31 35
0.12 0.12 0.12 0.17
11 60
2 2 2 2 2 2 2
02 05 25 25 30 32 34
0.12 0.12 0.12 0.12 0.12 0.1 0.12
12 60
2 2 2 2 2 2 2
31 32 34 35 35 36 56
0.12 0.1 0.12 0.12 0.12 0.12 0.17
13 60
2
30
0.12
14 60
2
07
0.17
15 60
2 2 2 2 2 2 2 2 2 2 2 2 2 2
08 09 09 09 10 10 11 11 11 12 13 13 14 14
0.12 0.2 0.12 0.12 0.18 0.12 0.12 0.2 0.12 0.12 0.12 0.12 0.12 0.12
16 60
2 2 2
11 12 22
0.12 0.12 0.12
17 60
2 2 2 2 2 2 2 2 2 2 2 2 2
23 23 24 24 25 25 27 27 27 27 30 30 31
0.12 0.12 0.12 0.12 0.12 0.12 0.12 0.25 0.12 0.12 0.12 0.17 0.12
18 60
2 2 2 2 2 2 2 2 2 2 2 2 2 2 2 2 2 2 2 2 2 2 2 2 2 2 2 2 2 2 2 2 2 2 2 2 2 2 2 2 2 2 2 2 2 2 2 2 2 2 2 2 2 2 2 2 2 2 2 2 2 2 2 2
00 32 32 33 33 34 34 35 35 36 36 37 37 38 38 39 39 40 41 41 41 41 42 42 42 43 43 43 43 44 44 44 44 45 45 45 46 46 47 47 47 48 48 49 49 50 50 51 51 52 52 52 53 53 53 53 54 54 56 56 57 58 59 59
0.25 0.12 0.12 0.17 0.17 0.12 0.17 0.17 0.12 0.12 0.12 0.12 0.12 0.12 0.12 0.12 0.12 0.12 0.27 0.17 0.12 0.12 0.12 0.12 0.17 0.12 0.12 0.12 0.12 0.12 0.12 0.12 0.12 0.17 0.12 0.12 0.12 0.12 0.17 0.12 0.12 0.12 0.17 0.12 0.12 0.2 0.12 0.12 0.12 0.25 0.12 0.12 0.2 0.12 0.17 0.12 0.2 0.17 0.17 0.17 0.12 0.12 0.2 0.12
19 60
2 2 2 2 2 2 2 2 2 2 2 2 2 2 2 2 2 2 2 2 2 2 2 2 2 2 2 2 2 2 2 2 2 2 2 2 2 2 2 2 2 2 2 2 2 2 2
00 00 01 01 01 02 03 04 04 05 05 06 07 08 08 09 09 10 10 11 12 12 13 13 13 13 14 15 16 16 17 17 19 19 19 20 21 22 23 23 23 24 25 26 26 27 53
0.12 0.12 0.12 0.12 0.17 0.12 0.12 0.12 0.12 0.12 0.12 0.17 0.12 0.12 0.12 0.12 0.12 0.12 0.12 0.12 0.17 0.12 0.2 0.12 0.12 0.12 0.12 0.12 0.12 0.17 0.12 0.17 0.25 0.12 0.12 0.12 0.12 0.12 0.12 0.12 0.12 0.12 0.12 0.12 0.12 0.12 0.12
20 60
2
36
0.12
21 60
2 2 2 2 2
37 37 38 38 41
0.12 0.17 0.12 0.12 0.12
22 60
2 2 2 2 2 2 2 2 2 2 2 2 2 2 2 2 2 2 2 2 2 2 2 2 2 2 2 2 2 2 2 2 2 2 2 2 2 2 2
00 41 42 42 42 44 45 45 45 46 47 47 48 48 48 49 49 49 50 50 50 51 51 51 53 53 53 54 54 54 55 55 55 56 57 57 58 58 59
0.12 0.12 0.2 0.12 0.12 0.12 0.2 0.17 0.12 0.12 0.12 0.12 0.17 0.12 0.12 0.12 0.12 0.12 0.12 0.12 0.12 0.12 0.2 0.12 0.12 0.12 0.12 0.12 0.12 0.12 0.12 0.12 0.12 0.17 0.12 0.12 0.12 0.12 0.12
23 60
2 2 2 2 2 2 2 2 2 2 2 2 2 2 2 2 2 2 2 2 2 2 2 2 2 2 2 2 2 2 2 2 2 2 2 2 2 2 2 2 2 2 2 2 2 2 2 2 2 2 2 2 2 2 2 2 2 2 2 2 2 2 2 2
00 00 01 01 01 01 02 02 03 04 04 04 05 05 05 06 06 06 07 07 08 08 08 09 09 09 09 10 10 10 11 12 12 13 13 13 14 14 14 15 15 15 16 16 16 17 17 18 18 19 19 19 20 20 20 20 21 23 24 24 24 27 27 29
0.12 0.12 0.17 0.12 0.12 0.1 0.12 0.17 0.17 0.12 0.12 0.12 0.12 0.17 0.17 0.2 0.17 0.12 0.12 0.12 0.2 0.12 0.12 0.2 0.17 0.12 0.12 0.2 0.12 0.12 0.12 0.12 0.12 0.12 0.17 0.12 0.12 0.17 0.17 0.12 0.12 0.12 0.12 0.12 0.12 0.12 0.12 0.2 0.12 0.12 0.12 0.12 0.12 0.12 0.17 0.12 0.12 0.12 0.12 0.12 0.12 0.2 0.1 0.17
24 60
2
58
0.1
25 60
2 2 2
59 59 59
0.12 0.1 0.12
26 60
2 2 2 2 2 2 2
00 00 01 01 01 03 48
0.2 0.12 0.12 0.2 0.12 0.12 0.17
27 60
2 2 2 2 2 2 2 2 2 2 2 2 2 2 2 2 2 2 2 2 2 2 2 2 2 2 2 2 2
00 49 49 49 50 51 51 52 52 53 54 54 55 55 55 56 56 56 56 57 57 57 58 58 58 58 59 59 59
0.12 0.2 0.12 0.12 0.12 0.12 0.17 0.12 0.12 0.12 0.12 0.12 0.12 0.12 0.12 0.12 0.2 0.12 0.12 0.12 0.2 0.17 0.12 0.2 0.12 0.12 0.12 0.12 0.1
28 60
2 2 2 2 2 2 2 2 2 2 2 2 2 2 2 2 2 2 2 2 2 2 2 2 2 2 2 2 2 2 2 2 2 2 2 2 2 2 2 2 2 2 2 2 2 2 2 2 2 2 2 2 2 2 2 2 2 2 2 2 2 2 2 2 2 2 2 2 2
00 00 01 01 02 03 04 04 09 13 14 15 15 15 16 16 17 17 17 18 18 18 18 19 20 20 20 25 26 27 27 28 28 29 30 30 30 30 40 40 41 41 41 42 42 43 43 44 44 45 45 45 53 54 54 55 55 55 55 56 56 56 57 57 58 58 58 59 59
0.12 0.17 0.12 0.17 0.12 0.12 0.12 0.12 0.2 0.12 0.17 0.12 0.12 0.12 0.2 0.12 0.12 0.12 0.2 0.12 0.12 0.12 0.12 0.12 0.12 0.2 0.17 0.17 0.12 0.12 0.12 0.12 0.17 0.12 0.12 0.2 0.12 0.12 0.12 0.12 0.12 0.12 0.12 0.12 0.17 0.17 0.12 0.12 0.12 0.12 0.12 0.12 0.12 0.12 0.12 0.12 0.2 0.12 0.12 0.2 0.17 0.12 0.12 0.12 0.12 0.12 0.12 0.12 0.12
29 60
2 2 2 2 2 2 2 2 2 2 2 2 2 2 2 2 2 2 2 2 2 2 2 2 2 2 2 2 2 2 2 2 2 2 2
11 11 11 12 12 13 13 13 14 15 29 30 31 31 31 32 33 33 34 34 34 35 35 47 48 48 48 48 49 49 50 51 51 52 52
0.12 0.17 0.12 0.17 0.12 0.2 0.17 0.12 0.12 0.12 0.12 0.12 0.12 0.12 0.12 0.12 0.12 0.12 0.12 0.12 0.12 0.17 0.12 0.12 0.17 0.2 0.17 0.12 0.12 0.17 0.12 0.17 0.12 0.12 0.12
30 60
2 2 2 2 2 2 2 2 2 2 2 2 2 2 2 2 2 2 2 2 2 2 2 2 2 2 2 2
11 12 12 12 13 14 14 15 15 15 29 31 32 32 33 34 34 35 55 56 57 57 58 58 58 59 59 59
0.12 0.12 0.12 0.12 0.12 0.25 0.12 0.12 0.17 0.17 0.2 0.12 0.12 0.12 0.2 0.12 0.17 0.12 0.2 0.12 0.22 0.12 0.12 0.12 0.12 0.12 0.12 0.12
31 60
2 2 2 2 2 2 2 2 2 2 2 2 2 2 2 2 2 2 2 2 2 2 2 2 2 2 2
01 22 23 23 24 24 24 25 25 26 26 26 27 27 31 53 54 55 55 56 56 56 57 57 58 58 59
0.1 0.2 0.12 0.12 0.12 0.12 0.12 0.17 0.12 0.12 0.2 0.12 0.12 0.17 0.12 0.12 0.12 0.12 0.12 0.12 0.12 0.12 0.17 0.12 0.12 0.17 0.12
32 60
2 2 2 2 2 2 2 2 2 2 2
02 32 32 33 33 34 34 34 35 35 36
0.12 0.12 0.12 0.12 0.12 0.12 0.12 0.12 0.12 0.12 0.12
33 60
2 2 2 2 2 2 2 2 2 2 2
00 02 03 03 04 04 05 58 59 59 59
0.12 0.12 0.12 0.12 0.12 0.12 0.12 0.12 0.12 0.12 0.12
34 60
2 2 2 2 2 2 2 2 2 2 2 2 2 2 2 2 2 2 2 2 2 2 2 2 2
00 00 01 01 02 02 22 39 39 40 41 41 41 41 42 42 43 43 43 44 44 44 45 45 45
0.2 0.12 0.12 0.12 0.12 0.12 0.12 0.12 0.2 0.12 0.12 0.12 0.12 0.12 0.12 0.12 0.12 0.25 0.12 0.12 0.12 0.12 0.12 0.12 0.12
35 60
2 2 2 2 2 2 2 2 2 2 2 2 2
03 22 23 23 24 25 25 26 26 26 27 27 27
0.12 0.12 0.12 0.17 0.12 0.17 0.17 0.12 0.12 0.12 0.12 0.17 0.17
36 60
2 2 2 2 2
03 04 04 05 48
0.12 0.12 0.12 0.12 0.12
37 60
2 2 2 2 2 2 2 2 2 2 2 2 2 2 2 2 2
00 50 50 51 52 53 54 55 55 55 56 56 56 56 57 58 58
0.12 0.12 0.12 0.12 0.12 0.12 0.12 0.12 0.2 0.12 0.12 0.12 0.12 0.12 0.12 0.12 0.12
38 60
2 2 2 2 2 2 2 2 2 2 2 2 2 2 2 2 2 2 2 2 2 2 2 2 2 2 2 2 2 2 2 2 2 2 2 2 2 2 2 2 2 2 2 2 2 2 2 2 2 2 2 2 2 2 2 2 2 2
00 00 01 08 08 10 10 11 16 17 17 18 18 18 20 20 21 21 21 22 22 22 24 24 24 24 25 25 26 26 27 27 27 28 28 29 30 30 30 31 32 32 33 33 34 35 36 36 37 37 39 39 39 39 40 42 42 42
0.12 0.12 0.12 0.2 0.12 0.12 0.12 0.12 0.12 0.12 0.17 0.12 0.12 0.12 0.12 0.12 0.12 0.12 0.12 0.2 0.12 0.12 0.12 0.12 0.12 0.12 0.17 0.17 0.12 0.12 0.12 0.2 0.12 0.12 0.12 0.12 0.12 0.12 0.12 0.12 0.12 0.17 0.12 0.12 0.17 0.12 0.12 0.12 0.12 0.17 0.12 0.17 0.12 0.12 0.17 0.12 0.12 0.12
39 60
2 2 2 2 2 2 2 2 2 2 2 2 2 2 2 2 2 2 2 2 2 2 2 2 2 2 2 2 2 2 2 2 2 2 2 2 2 2
26 38 38 39 39 39 40 40 41 41 42 42 43 43 44 44 44 44 45 45 46 46 47 47 48 48 49 50 50 51 51 52 52 53 53 54 56 56
0.12 0.12 0.17 0.2 0.12 0.12 0.12 0.12 0.12 0.12 0.12 0.17 0.2 0.12 0.12 0.12 0.12 0.12 0.12 0.17 0.12 0.17 0.12 0.12 0.12 0.17 0.12 0.12 0.12 0.12 0.12 0.12 0.12 0.12 0.17 0.12 0.2 0.12
40 60
2
30
0.12
41 60
2
04
0.12
42 60
2 2 2 2 2 2 2 2 2 2 2 2 2 2 2 2 2 2 2 2 2 2 2 2 2 2 2 2 2 2 2 2 2 2 2 2 2 2 2 2 2 2 2 2 2 2 2 2 2 2 2 2 2 2 2 2 2 2 2 2 2 2 2 2 2 2 2 2 2 2 2 2 2 2 2 2 2 2 2 2 2 2 2 2 2 2 2 2 2 2 2 2 2 2
05 05 06 06 07 08 08 11 11 11 12 12 13 13 13 13 15 16 16 17 17 18 18 19 19 19 20 20 21 21 21 22 23 23 24 24 24 25 26 26 27 27 27 27 29 29 30 30 30 32 32 33 33 33 35 36 36 37 37 37 39 39 40 41 41 42 43 44 44 44 45 45 46 47 47 48 48 49 50 51 52 53 53 54 55 55 56 56 57 58 58 59 59 59
0.17 0.12 0.12 0.12 0.12 0.12 0.17 0.12 0.12 0.12 0.12 0.12 0.12 0.12 0.12 0.12 0.12 0.12 0.17 0.12 0.12 0.12 0.12 0.12 0.12 0.12 0.12 0.12 0.12 0.12 0.12 0.12 0.12 0.17 0.2 0.12 0.12 0.12 0.12 0.1 0.12 0.12 0.12 0.12 0.12 0.17 0.12 0.12 0.12 0.12 0.12 0.12 0.12 0.12 0.12 0.12 0.12 0.2 0.12 0.12 0.12 0.12 0.12 0.12 0.17 0.12 0.12 0.12 0.17 0.12 0.12 0.12 0.12 0.12 0.12 0.2 0.12 0.17 0.12 0.12 0.12 0.12 0.12 0.17 0.12 0.12 0.12 0.12 0.12 0.2 0.12 0.12 0.12 0.12
43 60
2 2 2 2 2 2 2 2 2 2 2 2 2 2 2 2 2 2 2 2 2 2 2 2 2 2 2 2 2 2 2 2
03 05 05 06 06 06 07 08 08 08 09 10 10 11 11 11 12 12 13 13 14 14 15 15 16 17 17 17 18 18 18 19
0.12 0.12 0.12 0.12 0.12 0.12 0.17 0.12 0.12 0.12 0.12 0.12 0.17 0.12 0.12 0.12 0.12 0.2 0.17 0.12 0.12 0.12 0.12 0.12 0.12 0.1 0.12 0.12 0.12 0.12 0.12 0.12
44 60
2
50
0.12
45 60
2
47
0.12
46 60
2
50
0.12
47 60
2
22
0.12
48 60
2 2 2
00 52 55
0.12 0.1 0.17
49 60
2 2
05 35
0.12 0.12
50 60
2 2 2 2 2 2 2 2 2 2 2 2 2 2 2 2 2 2 2 2 2 2 2
05 37 37 38 38 38 40 40 41 41 42 42 42 43 43 43 45 45 46 46 46 47 47
0.17 0.17 0.12 0.12 0.12 0.12 0.12 0.12 0.12 0.2 0.17 0.12 0.2 0.1 0.12 0.12 0.12 0.12 0.12 0.12 0.17 0.12 0.12
51 60
2 2 2 2 2
06 06 06 07 43
0.12 0.12 0.12 0.12 0.12
52 60
2 2
42 47
0.12 0.2
53 60
2 2 2 2 2 2 2 2 2 2 2 2 2 2 2 2 2 2 2 2 2 2 2 2
32 43 43 43 44 45 45 46 46 47 48 48 49 49 49 50 50 51 51 52 53 54 55 56
0.12 0.12 0.12 0.12 0.12 0.12 0.12 0.12 0.12 0.12 0.12 0.12 0.17 0.12 0.2 0.12 0.17 0.17 0.12 0.12 0.17 0.12 0.12 0.22
54 60
2 2 2 2 2 2 2 2 2 2 2 2 2 2 2 2 2 2 2 2 2 2 2 2 2 2 2 2 2
02 32 33 33 34 34 35 35 36 37 41 41 42 42 43 43 43 44 44 45 45 46 47 48 48 49 49 50 51
0.12 0.12 0.12 0.12 0.17 0.12 0.12 0.12 0.12 0.12 0.12 0.1 0.12 0.12 0.12 0.12 0.12 0.12 0.12 0.17 0.12 0.12 0.12 0.12 0.1 0.12 0.12 0.12 0.12
55 60
2 2 2 2 2 2 2 2 2 2 2 2 2 2 2 2 2 2 2
03 03 03 04 04 05 15 30 30 32 32 32 33 34 34 34 35 36 36
0.12 0.12 0.2 0.12 0.12 0.17 0.1 0.12 0.12 0.12 0.12 0.12 0.12 0.12 0.12 0.12 0.12 0.12 0.12
56 60
2
29
0.12
57 60
2 2 2 2 2 2 2
30 31 31 32 32 34 39
0.12 0.12 0.12 0.12 0.12 0.17 0.12
58 60
2 2 2
40 40 53
0.12 0.12 0.12
59 60
2 2 2 2 2 2
50 54 55 56 57 57
0.12 0.12 0.1 0.12 0.12 0.12
60 60
2 2 2
51 51 51
0.12 0.12 0.17
61 60
2 2
01 52
0.12 0.12
62 60
2 2 2 2 2 2 2 2 2 2 2 2 2 2 2 2 2 2 2 2 2 2 2 2 2 2 2 2 2 2 2 2 2 2 2 2 2 2 2 2 2 2 2
01 02 02 02 03 03 04 04 05 05 06 08 08 09 10 10 11 11 11 12 12 14 14 15 16 18 18 20 20 20 26 27 27 28 28 29 30 31 32 32 33 34 36
0.12 0.17 0.17 0.12 0.12 0.17 0.12 0.12 0.12 0.12 0.12 0.12 0.12 0.12 0.2 0.12 0.12 0.12 0.12 0.2 0.12 0.1 0.12 0.12 0.12 0.12 0.12 0.12 0.2 0.12 0.12 0.1 0.12 0.12 0.12 0.17 0.12 0.1 0.12 0.12 0.12 0.12 0.1
63 60
2 2 2 2 2
03 05 11 12 13
0.2 0.12 0.12 0.2 0.17
64 60
2 2 2 2 2
12 13 14 17 21
0.12 0.12 0.12 0.1 0.12
65 60
2 2 2 2
24 28 29 30
0.12 0.12 0.1 0.12
66 60
2 2
05 39
0.12 0.12
67 60
2 2
47 57
0.12 0.12
68 60
2
18
0.12
69 60
2
48
0.12
70 60
2 2 2 2 2 2 2 2 2 2 2 2 2 2
00 48 49 51 52 52 53 54 55 55 56 56 57 57
0.12 0.12 0.12 0.12 0.12 0.17 0.2 0.12 0.12 0.12 0.12 0.12 0.17 0.12
71 60
2 2 2 2 2 2 2 2 2 2 2 2 2 2 2 2 2 2 2 2 2 2 2 2 2 2 2 2 2 2 2 2 2 2 2 2 2 2 2 2 2 2 2 2 2 2 2 2 2 2 2 2 2 2 2 2 2 2 2 2 2 2 2 2 2 2 2 2 2 2 2 2 2 2 2 2 2 2 2 2 2 2 2 2 2 2 2 2 2 2 2 2 2 2 2 2 2 2 2 2 2 2 2 2 2
01 01 02 04 04 05 06 06 06 07 08 08 08 09 09 10 10 11 11 11 12 12 12 13 13 14 14 14 15 16 17 17 17 17 19 20 20 21 22 22 22 23 24 25 25 26 27 27 29 29 29 30 31 32 33 33 34 34 35 35 36 36 36 37 38 38 39 40 41 42 42 43 43 44 44 45 45 46 46 46 47 47 47 48 49 50 50 51 51 51 52 53 53 53 54 54 55 55 56 57 57 58 58 58 59
0.12 0.12 0.12 0.12 0.12 0.12 0.2 0.12 0.12 0.12 0.2 0.12 0.12 0.12 0.17 0.12 0.12 0.12 0.17 0.12 0.12 0.12 0.12 0.12 0.17 0.12 0.12 0.17 0.2 0.12 0.12 0.12 0.12 0.17 0.12 0.12 0.12 0.12 0.2 0.12 0.12 0.12 0.17 0.12 0.12 0.12 0.12 0.12 0.12 0.12 0.12 0.12 0.12 0.12 0.12 0.12 0.12 0.17 0.12 0.17 0.12 0.12 0.12 0.17 0.12 0.17 0.17 0.12 0.12 0.12 0.12 0.12 0.17 0.12 0.17 0.2 0.17 0.12 0.12 0.12 0.2 0.12 0.12 0.12 0.17 0.12 0.12 0.2 0.12 0.12 0.12 0.2 0.12 0.12 0.12 0.12 0.12 0.12 0.12 0.12 0.12 0.2 0.12 0.12 0.12
72 60
2 2 2 2 2 2 2 2 2 2 2 2 2 2 2 2 2 2 2 2
11 12 12 13 14 15 15 15 16 16 19 20 21 22 22 23 23 23 23 51
0.12 0.12 0.12 0.12 0.12 0.12 0.12 0.12 0.12 0.12 0.12 0.12 0.12 0.12 0.1 0.12 0.12 0.12 0.12 0.12
73 60
2 2 2 2 2 2 2 2 2 2 2 2 2 2 2 2
52 52 53 53 54 54 54 55 55 56 56 57 58 59 59 59
0.2 0.12 0.12 0.12 0.2 0.12 0.12 0.12 0.12 0.17 0.12 0.12 0.12 0.12 0.17 0.12
74 60
2 2 2 2 2 2 2 2 2 2 2 2 2 2 2 2 2 2 2 2 2 2 2 2 2 2 2 2 2 2 2 2 2 2 2 2 2 2 2 2 2 2 2 2 2 2 2 2 2 2 2 2 2 2 2 2 2 2 2 2 2 2 2 2 2 2 2 2 2 2 2 2 2 2 2 2 2 2 2 2 2 2 2 2 2 2 2
00 00 02 03 03 04 04 05 05 05 06 07 07 07 09 09 09 09 10 11 11 13 14 14 14 15 15 16 17 17 17 19 19 19 20 20 20 22 22 24 24 24 25 25 26 26 26 27 28 30 30 31 31 32 32 32 33 34 35 35 35 36 36 37 37 37 38 39 40 40 41 42 42 43 43 43 45 45 47 48 49 49 49 51 52 52 59
0.12 0.2 0.12 0.12 0.17 0.12 0.17 0.2 0.12 0.12 0.12 0.2 0.12 0.12 0.12 0.2 0.12 0.12 0.12 0.12 0.12 0.12 0.12 0.12 0.12 0.12 0.12 0.12 0.2 0.12 0.12 0.12 0.12 0.12 0.12 0.12 0.12 0.12 0.12 0.12 0.12 0.12 0.12 0.12 0.12 0.12 0.12 0.12 0.12 0.12 0.17 0.12 0.17 0.12 0.12 0.12 0.12 0.12 0.12 0.12 0.12 0.12 0.17 0.2 0.12 0.12 0.12 0.12 0.12 0.12 0.12 0.22 0.12 0.12 0.12 0.12 0.12 0.12 0.12 0.12 0.12 0.12 0.12 0.12 0.12 0.12 0.1
75 60
2 2 2 2
00 02 03 25
0.12 0.12 0.12 0.12
76 60
2 2 2 2 2 2 2 2 2 2 2 2 2 2 2 2 2 2 2 2 2 2 2 2 2 2 2 2 2 2 2 2 2 2 2 2 2 2 2 2 2 2 2 2 2 2 2 2 2 2 2 2 2 2 2 2 2 2 2 2 2 2 2 2 2 2 2 2 2 2 2 2 2 2 2 2 2 2 2 2 2 2 2 2 2 2 2 2 2 2 2 2 2 2 2 2 2
00 04 05 06 07 08 08 08 09 10 10 11 11 11 12 13 13 14 14 14 14 15 16 16 16 17 17 18 19 20 20 21 22 22 23 23 24 25 27 28 29 29 29 30 30 30 32 32 33 33 33 34 35 36 37 38 38 38 39 39 40 40 40 41 41 42 42 43 44 45 45 45 46 46 46 48 49 49 49 52 53 53 54 54 55 55 55 56 56 56 56 57 57 58 58 59 59
0.17 0.12 0.12 0.12 0.12 0.12 0.2 0.17 0.12 0.12 0.12 0.12 0.12 0.17 0.12 0.12 0.12 0.12 0.12 0.12 0.12 0.12 0.12 0.12 0.17 0.12 0.12 0.12 0.12 0.12 0.12 0.12 0.12 0.17 0.12 0.12 0.12 0.12 0.12 0.12 0.12 0.17 0.12 0.12 0.2 0.12 0.12 0.12 0.12 0.12 0.17 0.2 0.12 0.12 0.12 0.12 0.2 0.12 0.12 0.17 0.12 0.12 0.12 0.12 0.12 0.12 0.12 0.12 0.12 0.17 0.12 0.2 0.12 0.25 0.12 0.12 0.12 0.2 0.12 0.12 0.12 0.12 0.12 0.17 0.12 0.12 0.12 0.12 0.12 0.12 0.12 0.12 0.12 0.12 0.12 0.12 0.12
77 60
2 2 2 2 2 2 2 2 2 2 2 2 2 2 2 2 2 2 2 2 2 2 2 2 2 2 2 2 2 2 2 2 2 2 2 2 2
00 01 01 01 02 02 04 04 05 06 06 07 07 08 08 08 09 09 10 11 11 12 12 13 14 14 14 15 15 16 16 17 17 18 19 28 35
0.12 0.12 0.12 0.2 0.12 0.12 0.12 0.12 0.12 0.12 0.12 0.12 0.12 0.12 0.12 0.12 0.12 0.2 0.12 0.2 0.12 0.12 0.12 0.12 0.12 0.12 0.12 0.12 0.12 0.12 0.12 0.12 0.12 0.17 0.12 0.25 0.12
78 60
2 2 2 2 2 2 2 2 2 2 2 2 2 2 2 2 2 2 2 2 2 2 2 2 2 2 2 2 2 2 2 2 2 2 2 2 2 2 2 2 2 2 2 2 2 2 2 2 2 2 2 2 2
01 30 30 31 31 32 32 34 34 35 35 36 36 36 37 37 38 39 40 40 41 42 42 43 43 44 44 45 45 45 46 47 48 48 48 49 50 50 51 52 53 53 54 54 55 56 56 57 57 58 59 59 59
0.12 0.12 0.12 0.12 0.12 0.12 0.12 0.12 0.2 0.12 0.12 0.12 0.12 0.12 0.12 0.12 0.12 0.2 0.12 0.12 0.17 0.12 0.17 0.12 0.12 0.12 0.12 0.12 0.12 0.12 0.12 0.12 0.12 0.12 0.12 0.12 0.12 0.12 0.12 0.12 0.12 0.12 0.17 0.12 0.12 0.12 0.12 0.12 0.12 0.12 0.12 0.12 0.2
79 60
2 2 2 2 2 2 2 2 2 2 2 2 2 2 2 2 2 2 2 2 2 2 2 2 2 2 2 2 2 2 2 2 2 2 2 2 2 2 2 2 2 2 2 2 2 2 2 2 2 2 2 2 2 2 2 2 2 2 2 2 2 2 2 2 2 2 2 2 2 2 2 2 2 2 2 2 2 2 2 2 2 2
01 02 02 03 03 04 04 04 04 05 05 06 06 06 07 07 09 09 10 11 11 12 12 14 14 15 15 15 15 17 17 18 18 19 19 19 20 21 21 21 21 21 22 22 23 23 24 24 24 24 25 26 27 27 27 27 28 28 28 29 30 31 31 31 32 32 33 33 33 34 34 34 36 36 36 37 37 37 38 40 40 41
0.12 0.12 0.12 0.12 0.12 0.12 0.12 0.12 0.12 0.12 0.12 0.12 0.12 0.2 0.12 0.12 0.12 0.12 0.12 0.12 0.12 0.12 0.12 0.12 0.12 0.12 0.12 0.12 0.12 0.12 0.12 0.12 0.12 0.12 0.12 0.12 0.12 0.12 0.12 0.12 0.12 0.12 0.12 0.12 0.12 0.12 0.12 0.12 0.2 0.12 0.12 0.12 0.17 0.12 0.12 0.2 0.12 0.12 0.12 0.12 0.12 0.12 0.12 0.12 0.12 0.12 0.12 0.12 0.12 0.12 0.12 0.12 0.12 0.12 0.12 0.12 0.12 0.12 0.12 0.12 0.12 0.17
80 60
2 2 2 2 2 2 2 2
03 04 04 04 05 05 07 49
0.12 0.12 0.12 0.12 0.12 0.12 0.17 0.12
81 60
2
01
0.12
82 60
2 2 2 2 2 2 2 2 2 2 2 2 2 2 2 2 2 2 2 2 2
02 02 05 05 06 06 07 22 22 22 23 23 23 24 24 24 25 26 26 27 53
0.12 0.12 0.12 0.12 0.12 0.12 0.12 0.1 0.12 0.12 0.17 0.12 0.2 0.12 0.12 0.12 0.12 0.12 0.12 0.12 0.2
83 60
2 2 2 2 2 2 2 2 2
53 54 55 57 57 58 58 59 59
0.12 0.12 0.12 0.12 0.12 0.12 0.17 0.12 0.12
84 60
2 2 2 2 2 2 2 2 2 2 2 2 2 2 2 2
00 02 02 03 04 04 05 05 07 07 08 09 11 12 14 42
0.17 0.12 0.12 0.12 0.2 0.12 0.12 0.12 0.12 0.12 0.12 0.12 0.12 0.12 0.17 0.12
85 60
2 2 2 2 2 2 2 2 2 2 2 2 2 2 2 2 2 2 2 2 2 2 2 2 2 2 2 2 2
00 43 43 44 44 45 45 46 47 47 48 49 49 50 51 52 53 54 55 56 56 57 57 57 58 58 58 59 59
0.12 0.17 0.12 0.12 0.12 0.12 0.12 0.12 0.12 0.2 0.17 0.12 0.12 0.17 0.12 0.12 0.12 0.17 0.2 0.12 0.12 0.12 0.12 0.17 0.12 0.12 0.12 0.12 0.12
86 60
2 2 2 2 2 2 2 2 2 2 2 2 2 2 2 2 2 2 2 2 2 2 2 2 2 2 2 2 2 2 2 2 2 2 2 2 2 2 2 2 2 2 2 2 2 2 2 2 2 2 2 2 2 2 2 2 2 2 2 2 2 2 2 2 2 2 2 2 2 2 2 2
01 01 02 03 04 05 06 06 07 08 09 09 11 12 12 12 12 13 13 13 14 15 15 16 17 18 18 18 20 20 21 21 22 22 22 23 24 25 25 26 27 28 28 29 29 30 36 36 37 37 37 38 38 38 39 40 41 42 42 43 45 46 47 48 49 50 50 50 51 52 54 55
0.12 0.12 0.12 0.12 0.12 0.12 0.17 0.12 0.12 0.12 0.12 0.12 0.2 0.12 0.12 0.12 0.12 0.12 0.12 0.12 0.12 0.12 0.12 0.17 0.17 0.17 0.12 0.12 0.12 0.12 0.12 0.12 0.12 0.12 0.12 0.12 0.12 0.12 0.12 0.12 0.12 0.12 0.2 0.12 0.12 0.12 0.12 0.12 0.12 0.12 0.2 0.12 0.12 0.2 0.12 0.12 0.12 0.12 0.12 0.17 0.12 0.12 0.12 0.12 0.12 0.17 0.12 0.2 0.12 0.12 0.12 0.12
87 60
2 2 2 2 2 2 2 2 2 2 2 2 2 2 2
12 12 13 14 15 15 15 16 17 17 17 18 18 18 44
0.12 0.12 0.12 0.1 0.12 0.12 0.12 0.12 0.2 0.17 0.12 0.12 0.12 0.12 0.12
88 60
2 2 2 2
07 44 45 47
0.12 0.12 0.12 0.12
89 60
2 2 2 2 2 2 2 2 2 2 2
08 09 09 10 11 11 11 12 12 13 48
0.12 0.12 0.12 0.12 0.2 0.17 0.12 0.12 0.12 0.12 0.12
90 60
2 2
10 51
0.12 0.12
91 60
2 2 2
11 12 57
0.12 0.12 0.1
92 60
2 2 2 2 2 2
00 57 58 59 59 59
0.12 0.12 0.17 0.12 0.17 0.12
93 60
2 2 2 2 2 2 2 2 2 2 2 2 2 2 2 2 2 2 2 2 2 2 2 2 2 2 2 2 2 2 2 2 2 2 2 2 2 2 2
00 01 01 02 03 03 05 06 07 08 08 09 09 09 12 16 16 19 19 20 22 22 24 25 26 26 26 27 27 28 28 29 30 30 31 32 33 33 33
0.12 0.12 0.12 0.12 0.12 0.12 0.12 0.12 0.2 0.12 0.12 0.12 0.12 0.12 0.12 0.12 0.12 0.12 0.12 0.12 0.12 0.12 0.17 0.17 0.12 0.12 0.12 0.12 0.12 0.12 0.12 0.12 0.12 0.12 0.12 0.17 0.12 0.1 0.12
94 60
2 2 2 2 2 2 2 2 2 2 2 2 2 2 2 2 2 2 2
11 28 29 29 29 30 31 32 32 33 34 34 34 35 35 36 37 39 40
0.12 0.12 0.2 0.12 0.12 0.12 0.12 0.12 0.12 0.17 0.2 0.12 0.12 0.12 0.12 0.12 0.12 0.12 0.12
95 60
2 2 2
12 13 42
0.12 0.12 0.2
96 60
2 2 2 2 2 2 2 2 2 2
18 42 43 43 44 46 46 47 47 48
0.17 0.12 0.12 0.12 0.12 0.17 0.12 0.2 0.12 0.12
97 60
2 2 2 2 2 2 2 2 2 2 2 2 2
11 19 19 20 20 22 22 22 23 23 24 24 26
0.12 0.12 0.1 0.12 0.12 0.12 0.12 0.12 0.12 0.17 0.12 0.17 0.12
98 60
2 2 2 2 2
11 11 11 12 19
0.2 0.12 0.12 0.12 0.12
99 60
2
58
0.2
100 60
2 2
01 59
0.12 0.12
101 60
2 2 2 2 2 2 2 2 2 2 2 2 2 2 2 2 2 2 2 2 2 2 2 2 2 2 2 2 2 2 2 2 2 2 2 2 2 2 2 2 2 2 2 2 2 2 2 2 2 2 2 2 2 2 2 2 2 2 2 2 2 2 2 2
01 06 07 09 14 15 15 15 16 16 17 18 18 20 20 20 21 21 22 22 22 23 25 25 26 26 28 28 29 30 31 32 32 33 33 33 34 34 35 35 35 38 38 39 39 40 40 41 41 41 45 46 47 48 52 52 53 53 54 55 57 58 59 59
0.12 0.12 0.12 0.12 0.12 0.12 0.12 0.12 0.12 0.12 0.1 0.12 0.12 0.12 0.12 0.12 0.12 0.12 0.12 0.12 0.12 0.12 0.12 0.12 0.12 0.17 0.12 0.12 0.12 0.12 0.12 0.12 0.12 0.12 0.22 0.12 0.12 0.12 0.12 0.1 0.12 0.12 0.12 0.12 0.12 0.12 0.17 0.12 0.12 0.12 0.12 0.12 0.12 0.12 0.12 0.12 0.12 0.12 0.12 0.12 0.12 0.12 0.12 0.12
102 60
2 2 2 2 2 2 2
08 25 38 41 53 53 56
0.12 0.12 0.12 0.12 0.12 0.12 0.12
