1,2
35,56
0.12,0.1
2
42
0.12
2
18
0.12
2,2,2,2
20,24,32,48
0.1,0.12,0.12,0.12
2
03
0.1
2,2
40,41
0.12,0.12
2
13
0.12
2,2,2
18,58,00
0.1,0.12,0.12
2,2,2,2
01,02,32,28
0.12,0.1,0.12,0.12
2,2,2,2
29,31,35,02
0.12,0.12,0.17,0.12
2,2,2,2,2,2,2
02,05,25,25,32,34,30
0.12,0.12,0.12,0.12,0.1,0.12,0.12
2,2,2,2,2,2,2
31,32,34,35,35,36,56
0.12,0.1,0.12,0.12,0.12,0.12,0.17
2
30
0.12
2
07
0.17
2,2,2,2,2,2,2,2,2,2,2,2,2,2
08,09,09,09,10,11,11,11,12,13,13,14,14,10
0.12,0.2,0.12,0.12,0.18,0.12,0.2,0.12,0.12,0.12,0.12,0.12,0.12,0.12
2,2,2
11,12,22
0.12,0.12,0.12
2,2,2,2,2,2,2,2,2,2,2,2,2
23,23,24,24,25,25,27,27,27,27,30,30,31
0.12,0.12,0.12,0.12,0.12,0.12,0.12,0.25,0.12,0.12,0.12,0.17,0.12
2,2,2,2,2,2,2,2,2,2,2,2,2,2,2,2,2,2,2,2,2,2,2,2,2,2,2,2,2,2,2,2,2,2,2,2,2,2,2,2,2,2,2,2,2,2,2,2,2,2,2,2,2,2,2,2,2,2,2,2,2,2,2,2
32,32,33,33,34,34,35,35,36,36,37,37,38,38,39,39,40,41,41,41,41,42,42,42,43,43,43,43,44,44,44,44,45,45,45,46,46,47,47,47,48,48,49,49,50,50,51,51,52,52,52,53,53,53,53,54,54,56,56,57,58,59,59,00
0.12,0.12,0.17,0.17,0.12,0.17,0.17,0.12,0.12,0.12,0.12,0.12,0.12,0.12,0.12,0.12,0.12,0.27,0.17,0.12,0.12,0.12,0.12,0.17,0.12,0.12,0.12,0.12,0.12,0.12,0.12,0.12,0.17,0.12,0.12,0.12,0.12,0.17,0.12,0.12,0.12,0.17,0.12,0.12,0.2,0.12,0.12,0.12,0.25,0.12,0.12,0.2,0.12,0.17,0.12,0.2,0.17,0.17,0.17,0.12,0.12,0.2,0.12,0.25
2,2,2,2,2,2,2,2,2,2,2,2,2,2,2,2,2,2,2,2,2,2,2,2,2,2,2,2,2,2,2,2,2,2,2,2,2,2,2,2,2,2,2,2,2,2,2
00,00,01,01,01,02,03,04,04,05,05,06,07,08,08,09,09,10,10,11,12,12,13,13,13,13,14,15,16,16,17,17,19,19,19,20,21,22,23,23,23,24,25,26,26,27,53
0.12,0.12,0.12,0.12,0.17,0.12,0.12,0.12,0.12,0.12,0.12,0.17,0.12,0.12,0.12,0.12,0.12,0.12,0.12,0.12,0.17,0.12,0.2,0.12,0.12,0.12,0.12,0.12,0.12,0.17,0.12,0.17,0.25,0.12,0.12,0.12,0.12,0.12,0.12,0.12,0.12,0.12,0.12,0.12,0.12,0.12,0.12
2
36
0.12
2,2,2,2,2
37,37,38,38,41
0.12,0.17,0.12,0.12,0.12
2,2,2,2,2,2,2,2,2,2,2,2,2,2,2,2,2,2,2,2,2,2,2,2,2,2,2,2,2,2,2,2,2,2,2,2,2,2,2
41,42,42,42,44,45,45,45,46,47,47,48,48,48,49,49,49,50,50,50,51,51,51,53,53,53,54,54,54,55,55,55,56,57,57,58,58,59,00
0.12,0.2,0.12,0.12,0.12,0.2,0.17,0.12,0.12,0.12,0.12,0.17,0.12,0.12,0.12,0.12,0.12,0.12,0.12,0.12,0.12,0.2,0.12,0.12,0.12,0.12,0.12,0.12,0.12,0.12,0.12,0.12,0.17,0.12,0.12,0.12,0.12,0.12,0.12
2,2,2,2,2,2,2,2,2,2,2,2,2,2,2,2,2,2,2,2,2,2,2,2,2,2,2,2,2,2,2,2,2,2,2,2,2,2,2,2,2,2,2,2,2,2,2,2,2,2,2,2,2,2,2,2,2,2,2,2,2,2,2,2
00,00,01,01,01,02,02,03,04,04,04,05,05,05,06,06,06,07,07,08,08,08,09,09,09,09,10,10,10,11,12,12,13,13,13,14,14,14,15,15,15,16,16,16,17,17,18,18,19,19,19,20,20,20,20,21,23,24,24,24,27,27,29,01
0.12,0.12,0.17,0.12,0.12,0.12,0.17,0.17,0.12,0.12,0.12,0.12,0.17,0.17,0.2,0.17,0.12,0.12,0.12,0.2,0.12,0.12,0.2,0.17,0.12,0.12,0.2,0.12,0.12,0.12,0.12,0.12,0.12,0.17,0.12,0.12,0.17,0.17,0.12,0.12,0.12,0.12,0.12,0.12,0.12,0.12,0.2,0.12,0.12,0.12,0.12,0.12,0.12,0.17,0.12,0.12,0.12,0.12,0.12,0.12,0.2,0.1,0.17,0.1
2
58
0.1
2,2,2
59,59,59
0.12,0.1,0.12
2,2,2,2,2,2,2
00,00,01,01,01,03,48
0.2,0.12,0.12,0.2,0.12,0.12,0.17
2,2,2,2,2,2,2,2,2,2,2,2,2,2,2,2,2,2,2,2,2,2,2,2,2,2,2,2,2
49,49,49,50,51,51,52,52,53,54,54,55,55,55,56,56,56,56,57,57,57,58,58,58,58,59,59,59,00
0.2,0.12,0.12,0.12,0.12,0.17,0.12,0.12,0.12,0.12,0.12,0.12,0.12,0.12,0.12,0.2,0.12,0.12,0.12,0.2,0.17,0.12,0.2,0.12,0.12,0.12,0.12,0.1,0.12
2,2,2,2,2,2,2,2,2,2,2,2,2,2,2,2,2,2,2,2,2,2,2,2,2,2,2,2,2,2,2,2,2,2,2,2,2,2,2,2,2,2,2,2,2,2,2,2,2,2,2,2,2,2,2,2,2,2,2,2,2,2,2,2,2,2,2,2,2
00,00,01,01,02,03,04,04,13,14,15,15,15,16,16,17,17,17,18,18,18,18,19,20,20,20,25,26,27,27,28,28,29,30,30,30,30,40,40,41,41,41,42,42,43,43,44,44,45,45,45,53,54,54,55,55,55,55,56,56,56,57,57,58,58,58,59,59,09
0.12,0.17,0.12,0.17,0.12,0.12,0.12,0.12,0.12,0.17,0.12,0.12,0.12,0.2,0.12,0.12,0.12,0.2,0.12,0.12,0.12,0.12,0.12,0.12,0.2,0.17,0.17,0.12,0.12,0.12,0.12,0.17,0.12,0.12,0.2,0.12,0.12,0.12,0.12,0.12,0.12,0.12,0.12,0.17,0.17,0.12,0.12,0.12,0.12,0.12,0.12,0.12,0.12,0.12,0.12,0.2,0.12,0.12,0.2,0.17,0.12,0.12,0.12,0.12,0.12,0.12,0.12,0.12,0.2
2,2,2,2,2,2,2,2,2,2,2,2,2,2,2,2,2,2,2,2,2,2,2,2,2,2,2,2,2,2,2,2,2,2,2
11,11,12,12,13,13,13,14,15,29,30,31,31,31,32,33,33,34,34,34,35,35,47,48,48,48,48,49,49,50,51,51,52,52,11
0.12,0.17,0.17,0.12,0.2,0.17,0.12,0.12,0.12,0.12,0.12,0.12,0.12,0.12,0.12,0.12,0.12,0.12,0.12,0.12,0.17,0.12,0.12,0.17,0.2,0.17,0.12,0.12,0.17,0.12,0.17,0.12,0.12,0.12,0.12
2,2,2,2,2,2,2,2,2,2,2,2,2,2,2,2,2,2,2,2,2,2,2,2,2,2,2,2
11,12,12,12,13,14,14,15,15,15,29,31,32,32,33,34,34,35,55,56,57,57,58,58,58,59,59,59
0.12,0.12,0.12,0.12,0.12,0.25,0.12,0.12,0.17,0.17,0.2,0.12,0.12,0.12,0.2,0.12,0.17,0.12,0.2,0.12,0.22,0.12,0.12,0.12,0.12,0.12,0.12,0.12
2,2,2,2,2,2,2,2,2,2,2,2,2,2,2,2,2,2,2,2,2,2,2,2,2,2,2
01,22,23,23,24,24,24,25,25,26,26,26,27,27,53,54,55,55,56,56,56,57,57,58,58,59,31
0.1,0.2,0.12,0.12,0.12,0.12,0.12,0.17,0.12,0.12,0.2,0.12,0.12,0.17,0.12,0.12,0.12,0.12,0.12,0.12,0.12,0.17,0.12,0.12,0.17,0.12,0.12
2,2,2,2,2,2,2,2,2,2,2
32,32,33,33,34,34,34,35,35,36,02
0.12,0.12,0.12,0.12,0.12,0.12,0.12,0.12,0.12,0.12,0.12
2,2,2,2,2,2,2,2,2,2,2
02,03,03,04,04,05,58,59,59,59,00
0.12,0.12,0.12,0.12,0.12,0.12,0.12,0.12,0.12,0.12,0.12
2,2,2,2,2,2,2,2,2,2,2,2,2,2,2,2,2,2,2,2,2,2,2,2,2
00,00,01,01,02,02,39,39,40,41,41,41,41,42,42,43,43,43,44,44,44,45,45,45,22
0.2,0.12,0.12,0.12,0.12,0.12,0.12,0.2,0.12,0.12,0.12,0.12,0.12,0.12,0.12,0.12,0.25,0.12,0.12,0.12,0.12,0.12,0.12,0.12,0.12
2,2,2,2,2,2,2,2,2,2,2,2,2
22,23,23,24,25,25,26,26,26,27,27,27,03
0.12,0.12,0.17,0.12,0.17,0.17,0.12,0.12,0.12,0.12,0.17,0.17,0.12
2,2,2,2,2
03,04,04,05,48
0.12,0.12,0.12,0.12,0.12
2,2,2,2,2,2,2,2,2,2,2,2,2,2,2,2,2
50,50,51,52,53,54,55,55,55,56,56,56,56,57,58,58,00
0.12,0.12,0.12,0.12,0.12,0.12,0.12,0.2,0.12,0.12,0.12,0.12,0.12,0.12,0.12,0.12,0.12
2,2,2,2,2,2,2,2,2,2,2,2,2,2,2,2,2,2,2,2,2,2,2,2,2,2,2,2,2,2,2,2,2,2,2,2,2,2,2,2,2,2,2,2,2,2,2,2,2,2,2,2,2,2,2,2,2,2
00,00,01,08,08,10,10,11,16,17,17,18,18,18,20,20,21,21,21,22,22,22,24,24,24,24,25,25,26,26,27,27,27,28,28,29,30,30,30,31,32,32,33,33,34,35,36,36,37,39,39,39,39,40,42,42,42,37
0.12,0.12,0.12,0.2,0.12,0.12,0.12,0.12,0.12,0.12,0.17,0.12,0.12,0.12,0.12,0.12,0.12,0.12,0.12,0.2,0.12,0.12,0.12,0.12,0.12,0.12,0.17,0.17,0.12,0.12,0.12,0.2,0.12,0.12,0.12,0.12,0.12,0.12,0.12,0.12,0.12,0.17,0.12,0.12,0.17,0.12,0.12,0.12,0.12,0.12,0.17,0.12,0.12,0.17,0.12,0.12,0.12,0.17
2,2,2,2,2,2,2,2,2,2,2,2,2,2,2,2,2,2,2,2,2,2,2,2,2,2,2,2,2,2,2,2,2,2,2,2,2,2
38,38,39,39,39,40,40,41,41,42,42,43,43,44,44,44,44,45,45,46,46,47,47,48,48,49,50,50,51,51,52,52,53,53,54,56,56,26
0.12,0.17,0.2,0.12,0.12,0.12,0.12,0.12,0.12,0.12,0.17,0.2,0.12,0.12,0.12,0.12,0.12,0.12,0.17,0.12,0.17,0.12,0.12,0.12,0.17,0.12,0.12,0.12,0.12,0.12,0.12,0.12,0.12,0.17,0.12,0.2,0.12,0.12
2
30
0.12
2
04
0.12
2,2,2,2,2,2,2,2,2,2,2,2,2,2,2,2,2,2,2,2,2,2,2,2,2,2,2,2,2,2,2,2,2,2,2,2,2,2,2,2,2,2,2,2,2,2,2,2,2,2,2,2,2,2,2,2,2,2,2,2,2,2,2,2,2,2,2,2,2,2,2,2,2,2,2,2,2,2,2,2,2,2,2,2,2,2,2,2,2,2,2,2,2,2
05,05,06,06,07,08,08,11,11,11,12,12,13,13,13,13,15,16,16,17,17,18,18,19,19,19,20,20,21,21,21,22,23,23,24,24,24,25,26,26,27,27,27,27,29,29,30,30,30,32,32,33,33,33,35,36,36,37,37,37,39,39,40,41,41,42,43,44,44,44,45,45,46,47,47,48,48,49,50,51,52,53,53,54,55,55,56,56,57,58,58,59,59,59
0.17,0.12,0.12,0.12,0.12,0.12,0.17,0.12,0.12,0.12,0.12,0.12,0.12,0.12,0.12,0.12,0.12,0.12,0.17,0.12,0.12,0.12,0.12,0.12,0.12,0.12,0.12,0.12,0.12,0.12,0.12,0.12,0.12,0.17,0.2,0.12,0.12,0.12,0.12,0.1,0.12,0.12,0.12,0.12,0.12,0.17,0.12,0.12,0.12,0.12,0.12,0.12,0.12,0.12,0.12,0.12,0.12,0.2,0.12,0.12,0.12,0.12,0.12,0.12,0.17,0.12,0.12,0.12,0.17,0.12,0.12,0.12,0.12,0.12,0.12,0.2,0.12,0.17,0.12,0.12,0.12,0.12,0.12,0.17,0.12,0.12,0.12,0.12,0.12,0.2,0.12,0.12,0.12,0.12
2,2,2,2,2,2,2,2,2,2,2,2,2,2,2,2,2,2,2,2,2,2,2,2,2,2,2,2,2,2,2,2
03,05,05,06,06,06,07,08,08,08,09,10,10,11,11,12,12,13,13,14,14,15,15,16,17,17,17,18,18,18,19,11
0.12,0.12,0.12,0.12,0.12,0.12,0.17,0.12,0.12,0.12,0.12,0.12,0.17,0.12,0.12,0.12,0.2,0.17,0.12,0.12,0.12,0.12,0.12,0.12,0.1,0.12,0.12,0.12,0.12,0.12,0.12,0.12
2
50
0.12
2
47
0.12
2
50
0.12
2
22
0.12
2,2,2
52,55,00
0.1,0.17,0.12
2,2
05,35
0.12,0.12
2,2,2,2,2,2,2,2,2,2,2,2,2,2,2,2,2,2,2,2,2,2,2
37,37,38,38,38,40,40,41,41,42,42,42,43,43,43,45,45,46,46,46,47,47,05
0.17,0.12,0.12,0.12,0.12,0.12,0.12,0.12,0.2,0.17,0.12,0.2,0.1,0.12,0.12,0.12,0.12,0.12,0.12,0.17,0.12,0.12,0.17
2,2,2,2,2
06,06,06,07,43
0.12,0.12,0.12,0.12,0.12
2,2
47,42
0.2,0.12
2,2,2,2,2,2,2,2,2,2,2,2,2,2,2,2,2,2,2,2,2,2,2,2
43,43,43,44,45,45,46,46,47,48,48,49,49,49,50,50,51,51,52,53,54,55,56,32
0.12,0.12,0.12,0.12,0.12,0.12,0.12,0.12,0.12,0.12,0.12,0.17,0.12,0.2,0.12,0.17,0.17,0.12,0.12,0.17,0.12,0.12,0.22,0.12
2,2,2,2,2,2,2,2,2,2,2,2,2,2,2,2,2,2,2,2,2,2,2,2,2,2,2,2,2
32,33,33,34,34,35,35,36,37,41,41,42,42,43,43,43,44,44,45,45,46,47,48,48,49,49,50,51,02
0.12,0.12,0.12,0.17,0.12,0.12,0.12,0.12,0.12,0.12,0.1,0.12,0.12,0.12,0.12,0.12,0.12,0.12,0.17,0.12,0.12,0.12,0.12,0.1,0.12,0.12,0.12,0.12,0.12
2,2,2,2,2,2,2,2,2,2,2,2,2,2,2,2,2,2,2
03,03,03,04,04,05,30,30,32,32,32,33,34,34,34,35,36,36,15
0.12,0.12,0.2,0.12,0.12,0.17,0.12,0.12,0.12,0.12,0.12,0.12,0.12,0.12,0.12,0.12,0.12,0.12,0.1
2
29
0.12
2,2,2,2,2,2,2
30,31,31,32,32,34,39
0.12,0.12,0.12,0.12,0.12,0.17,0.12
2,2,2
40,40,53
0.12,0.12,0.12
2,2,2,2,2,2
54,55,56,57,57,50
0.12,0.1,0.12,0.12,0.12,0.12
2,2,2
51,51,51
0.12,0.12,0.17
2,2
52,01
0.12,0.12
2,2,2,2,2,2,2,2,2,2,2,2,2,2,2,2,2,2,2,2,2,2,2,2,2,2,2,2,2,2,2,2,2,2,2,2,2,2,2,2,2,2,2
01,02,02,03,03,04,04,05,05,06,08,08,09,10,10,11,11,11,12,12,14,14,15,16,18,18,20,20,20,26,27,27,28,28,29,30,31,32,32,33,34,36,02
0.12,0.17,0.17,0.12,0.17,0.12,0.12,0.12,0.12,0.12,0.12,0.12,0.12,0.2,0.12,0.12,0.12,0.12,0.2,0.12,0.1,0.12,0.12,0.12,0.12,0.12,0.12,0.2,0.12,0.12,0.1,0.12,0.12,0.12,0.17,0.12,0.1,0.12,0.12,0.12,0.12,0.1,0.12
2,2,2,2,2
03,05,11,13,12
0.2,0.12,0.12,0.17,0.2
2,2,2,2,2
12,13,14,17,21
0.12,0.12,0.12,0.1,0.12
2,2,2,2
24,28,29,30
0.12,0.12,0.1,0.12
2,2
39,05
0.12,0.12
2,2
47,57
0.12,0.12
2
18
0.12
2
48
0.12
2,2,2,2,2,2,2,2,2,2,2,2,2,2
48,49,51,52,52,53,54,55,55,56,56,57,57,00
0.12,0.12,0.12,0.12,0.17,0.2,0.12,0.12,0.12,0.12,0.12,0.17,0.12,0.12
2,2,2,2,2,2,2,2,2,2,2,2,2,2,2,2,2,2,2,2,2,2,2,2,2,2,2,2,2,2,2,2,2,2,2,2,2,2,2,2,2,2,2,2,2,2,2,2,2,2,2,2,2,2,2,2,2,2,2,2,2,2,2,2,2,2,2,2,2,2,2,2,2,2,2,2,2,2,2,2,2,2,2,2,2,2,2,2,2,2,2,2,2,2,2,2,2,2,2,2,2,2,2,2,2
01,01,02,04,04,05,06,06,06,07,08,08,08,09,09,10,11,11,11,12,12,12,13,13,14,14,14,15,16,17,17,17,17,19,20,20,21,22,22,22,23,24,25,25,26,27,27,29,29,29,30,31,32,33,33,34,34,35,35,36,36,36,37,38,38,39,40,41,42,42,43,43,44,44,45,45,46,46,46,47,47,47,48,49,50,50,51,51,51,52,53,53,53,54,54,55,55,56,57,57,58,58,58,59,10
0.12,0.12,0.12,0.12,0.12,0.12,0.2,0.12,0.12,0.12,0.2,0.12,0.12,0.12,0.17,0.12,0.12,0.17,0.12,0.12,0.12,0.12,0.12,0.17,0.12,0.12,0.17,0.2,0.12,0.12,0.12,0.12,0.17,0.12,0.12,0.12,0.12,0.2,0.12,0.12,0.12,0.17,0.12,0.12,0.12,0.12,0.12,0.12,0.12,0.12,0.12,0.12,0.12,0.12,0.12,0.12,0.17,0.12,0.17,0.12,0.12,0.12,0.17,0.12,0.17,0.17,0.12,0.12,0.12,0.12,0.12,0.17,0.12,0.17,0.2,0.17,0.12,0.12,0.12,0.2,0.12,0.12,0.12,0.17,0.12,0.12,0.2,0.12,0.12,0.12,0.2,0.12,0.12,0.12,0.12,0.12,0.12,0.12,0.12,0.12,0.2,0.12,0.12,0.12,0.12
2,2,2,2,2,2,2,2,2,2,2,2,2,2,2,2,2,2,2,2
11,12,12,13,14,15,15,15,16,16,19,20,21,22,22,23,23,23,23,51
0.12,0.12,0.12,0.12,0.12,0.12,0.12,0.12,0.12,0.12,0.12,0.12,0.12,0.12,0.1,0.12,0.12,0.12,0.12,0.12
2,2,2,2,2,2,2,2,2,2,2,2,2,2,2,2
52,52,53,53,54,54,54,55,55,56,56,57,58,59,59,59
0.2,0.12,0.12,0.12,0.2,0.12,0.12,0.12,0.12,0.17,0.12,0.12,0.12,0.12,0.17,0.12
2,2,2,2,2,2,2,2,2,2,2,2,2,2,2,2,2,2,2,2,2,2,2,2,2,2,2,2,2,2,2,2,2,2,2,2,2,2,2,2,2,2,2,2,2,2,2,2,2,2,2,2,2,2,2,2,2,2,2,2,2,2,2,2,2,2,2,2,2,2,2,2,2,2,2,2,2,2,2,2,2,2,2,2,2,2,2
00,02,03,03,04,04,05,05,05,06,07,07,07,09,09,09,09,10,11,11,13,14,14,14,15,15,16,17,17,17,19,19,19,20,20,20,22,22,24,24,24,25,25,26,26,26,27,28,30,30,31,31,32,32,32,33,34,35,35,35,36,36,37,37,37,38,39,40,40,41,42,42,43,43,43,45,45,47,48,49,49,49,51,52,52,59,00
0.12,0.12,0.12,0.17,0.12,0.17,0.2,0.12,0.12,0.12,0.2,0.12,0.12,0.12,0.2,0.12,0.12,0.12,0.12,0.12,0.12,0.12,0.12,0.12,0.12,0.12,0.12,0.2,0.12,0.12,0.12,0.12,0.12,0.12,0.12,0.12,0.12,0.12,0.12,0.12,0.12,0.12,0.12,0.12,0.12,0.12,0.12,0.12,0.12,0.17,0.12,0.17,0.12,0.12,0.12,0.12,0.12,0.12,0.12,0.12,0.12,0.17,0.2,0.12,0.12,0.12,0.12,0.12,0.12,0.12,0.22,0.12,0.12,0.12,0.12,0.12,0.12,0.12,0.12,0.12,0.12,0.12,0.12,0.12,0.12,0.1,0.2
2,2,2,2
00,02,25,03
0.12,0.12,0.12,0.12
2,2,2,2,2,2,2,2,2,2,2,2,2,2,2,2,2,2,2,2,2,2,2,2,2,2,2,2,2,2,2,2,2,2,2,2,2,2,2,2,2,2,2,2,2,2,2,2,2,2,2,2,2,2,2,2,2,2,2,2,2,2,2,2,2,2,2,2,2,2,2,2,2,2,2,2,2,2,2,2,2,2,2,2,2,2,2,2,2,2,2,2,2,2,2,2,2
04,05,06,07,08,08,08,09,10,10,11,11,11,12,13,13,14,14,14,14,15,16,16,16,17,17,18,19,20,20,21,22,22,23,23,24,25,27,28,29,29,29,30,30,30,32,32,33,33,33,34,35,36,37,38,38,38,39,39,40,40,40,41,41,42,42,43,44,45,45,45,46,46,46,48,49,49,49,52,53,53,54,54,55,55,55,56,56,56,56,57,57,58,58,59,59,00
0.12,0.12,0.12,0.12,0.12,0.2,0.17,0.12,0.12,0.12,0.12,0.12,0.17,0.12,0.12,0.12,0.12,0.12,0.12,0.12,0.12,0.12,0.12,0.17,0.12,0.12,0.12,0.12,0.12,0.12,0.12,0.12,0.17,0.12,0.12,0.12,0.12,0.12,0.12,0.12,0.17,0.12,0.12,0.2,0.12,0.12,0.12,0.12,0.12,0.17,0.2,0.12,0.12,0.12,0.12,0.2,0.12,0.12,0.17,0.12,0.12,0.12,0.12,0.12,0.12,0.12,0.12,0.12,0.17,0.12,0.2,0.12,0.25,0.12,0.12,0.12,0.2,0.12,0.12,0.12,0.12,0.12,0.17,0.12,0.12,0.12,0.12,0.12,0.12,0.12,0.12,0.12,0.12,0.12,0.12,0.12,0.17
2,2,2,2,2,2,2,2,2,2,2,2,2,2,2,2,2,2,2,2,2,2,2,2,2,2,2,2,2,2,2,2,2,2,2,2,2
00,01,01,01,02,02,04,04,05,06,06,07,07,08,08,08,09,09,10,11,11,12,12,13,14,14,14,15,15,16,16,17,17,18,19,35,28
0.12,0.12,0.12,0.2,0.12,0.12,0.12,0.12,0.12,0.12,0.12,0.12,0.12,0.12,0.12,0.12,0.12,0.2,0.12,0.2,0.12,0.12,0.12,0.12,0.12,0.12,0.12,0.12,0.12,0.12,0.12,0.12,0.12,0.17,0.12,0.12,0.25
2,2,2,2,2,2,2,2,2,2,2,2,2,2,2,2,2,2,2,2,2,2,2,2,2,2,2,2,2,2,2,2,2,2,2,2,2,2,2,2,2,2,2,2,2,2,2,2,2,2,2,2,2
30,30,31,31,32,32,34,34,35,35,36,36,36,37,37,38,39,40,40,41,42,42,43,43,44,44,45,45,45,46,47,48,48,48,49,50,50,51,52,53,53,54,54,55,56,56,57,57,58,59,59,59,01
0.12,0.12,0.12,0.12,0.12,0.12,0.12,0.2,0.12,0.12,0.12,0.12,0.12,0.12,0.12,0.12,0.2,0.12,0.12,0.17,0.12,0.17,0.12,0.12,0.12,0.12,0.12,0.12,0.12,0.12,0.12,0.12,0.12,0.12,0.12,0.12,0.12,0.12,0.12,0.12,0.12,0.17,0.12,0.12,0.12,0.12,0.12,0.12,0.12,0.12,0.12,0.2,0.12
2,2,2,2,2,2,2,2,2,2,2,2,2,2,2,2,2,2,2,2,2,2,2,2,2,2,2,2,2,2,2,2,2,2,2,2,2,2,2,2,2,2,2,2,2,2,2,2,2,2,2,2,2,2,2,2,2,2,2,2,2,2,2,2,2,2,2,2,2,2,2,2,2,2,2,2,2,2,2,2,2,2
01,02,02,03,04,04,04,04,05,05,06,06,06,07,07,09,09,10,11,11,12,12,14,14,15,15,15,15,17,17,18,18,19,19,19,20,21,21,21,21,21,22,22,23,23,24,24,24,24,25,26,27,27,27,27,28,28,28,29,30,31,31,31,32,32,33,33,33,34,34,34,36,36,36,37,37,37,38,40,40,41,03
0.12,0.12,0.12,0.12,0.12,0.12,0.12,0.12,0.12,0.12,0.12,0.12,0.2,0.12,0.12,0.12,0.12,0.12,0.12,0.12,0.12,0.12,0.12,0.12,0.12,0.12,0.12,0.12,0.12,0.12,0.12,0.12,0.12,0.12,0.12,0.12,0.12,0.12,0.12,0.12,0.12,0.12,0.12,0.12,0.12,0.12,0.12,0.2,0.12,0.12,0.12,0.17,0.12,0.12,0.2,0.12,0.12,0.12,0.12,0.12,0.12,0.12,0.12,0.12,0.12,0.12,0.12,0.12,0.12,0.12,0.12,0.12,0.12,0.12,0.12,0.12,0.12,0.12,0.12,0.12,0.17,0.12
2,2,2,2,2,2,2,2
03,04,04,04,05,05,07,49
0.12,0.12,0.12,0.12,0.12,0.12,0.17,0.12
2
01
0.12
2,2,2,2,2,2,2,2,2,2,2,2,2,2,2,2,2,2,2,2,2
02,02,05,05,06,06,07,22,22,22,23,23,23,24,24,24,25,26,26,27,53
0.12,0.12,0.12,0.12,0.12,0.12,0.12,0.1,0.12,0.12,0.17,0.12,0.2,0.12,0.12,0.12,0.12,0.12,0.12,0.12,0.2
2,2,2,2,2,2,2,2,2
53,54,55,57,57,58,58,59,59
0.12,0.12,0.12,0.12,0.12,0.12,0.17,0.12,0.12
2,2,2,2,2,2,2,2,2,2,2,2,2,2,2,2
00,02,02,03,04,04,05,05,07,07,08,09,11,12,14,42
0.17,0.12,0.12,0.12,0.2,0.12,0.12,0.12,0.12,0.12,0.12,0.12,0.12,0.12,0.17,0.12
2,2,2,2,2,2,2,2,2,2,2,2,2,2,2,2,2,2,2,2,2,2,2,2,2,2,2,2,2
43,43,44,44,45,45,46,47,47,48,49,49,50,51,52,53,54,55,56,56,57,57,57,58,58,58,59,59,00
0.17,0.12,0.12,0.12,0.12,0.12,0.12,0.12,0.2,0.17,0.12,0.12,0.17,0.12,0.12,0.12,0.17,0.2,0.12,0.12,0.12,0.12,0.17,0.12,0.12,0.12,0.12,0.12,0.12
2,2,2,2,2,2,2,2,2,2,2,2,2,2,2,2,2,2,2,2,2,2,2,2,2,2,2,2,2,2,2,2,2,2,2,2,2,2,2,2,2,2,2,2,2,2,2,2,2,2,2,2,2,2,2,2,2,2,2,2,2,2,2,2,2,2,2,2,2,2,2,2
01,01,02,03,04,05,06,06,07,08,09,09,11,12,12,12,13,13,13,14,15,15,16,17,18,18,18,20,20,21,21,22,22,22,23,24,25,25,26,27,28,28,29,29,30,36,36,37,37,37,38,38,38,39,40,41,42,42,43,45,46,47,48,49,50,50,50,51,52,54,55,12
0.12,0.12,0.12,0.12,0.12,0.12,0.17,0.12,0.12,0.12,0.12,0.12,0.2,0.12,0.12,0.12,0.12,0.12,0.12,0.12,0.12,0.12,0.17,0.17,0.17,0.12,0.12,0.12,0.12,0.12,0.12,0.12,0.12,0.12,0.12,0.12,0.12,0.12,0.12,0.12,0.12,0.2,0.12,0.12,0.12,0.12,0.12,0.12,0.12,0.2,0.12,0.12,0.2,0.12,0.12,0.12,0.12,0.12,0.17,0.12,0.12,0.12,0.12,0.12,0.17,0.12,0.2,0.12,0.12,0.12,0.12,0.12
2,2,2,2,2,2,2,2,2,2,2,2,2,2,2
12,12,13,14,15,15,15,16,17,17,17,18,18,18,44
0.12,0.12,0.12,0.1,0.12,0.12,0.12,0.12,0.2,0.17,0.12,0.12,0.12,0.12,0.12
2,2,2,2
44,45,47,07
0.12,0.12,0.12,0.12
2,2,2,2,2,2,2,2,2,2,2
08,09,09,10,11,11,11,12,12,13,48
0.12,0.12,0.12,0.12,0.2,0.17,0.12,0.12,0.12,0.12,0.12
2,2
51,10
0.12,0.12
2,2,2
11,12,57
0.12,0.12,0.1
2,2,2,2,2,2
57,58,59,59,59,00
0.12,0.17,0.12,0.17,0.12,0.12
2,2,2,2,2,2,2,2,2,2,2,2,2,2,2,2,2,2,2,2,2,2,2,2,2,2,2,2,2,2,2,2,2,2,2,2,2,2,2
00,01,01,02,03,03,05,06,07,08,08,09,09,09,12,16,16,19,19,20,22,22,24,25,26,26,26,27,28,28,29,30,30,31,32,33,33,33,27
0.12,0.12,0.12,0.12,0.12,0.12,0.12,0.12,0.2,0.12,0.12,0.12,0.12,0.12,0.12,0.12,0.12,0.12,0.12,0.12,0.12,0.12,0.17,0.17,0.12,0.12,0.12,0.12,0.12,0.12,0.12,0.12,0.12,0.12,0.17,0.12,0.1,0.12,0.12
2,2,2,2,2,2,2,2,2,2,2,2,2,2,2,2,2,2,2
28,29,29,29,30,31,32,32,33,34,34,34,35,35,36,37,39,40,11
0.12,0.2,0.12,0.12,0.12,0.12,0.12,0.12,0.17,0.2,0.12,0.12,0.12,0.12,0.12,0.12,0.12,0.12,0.12
2,2,2
12,13,42
0.12,0.12,0.2
2,2,2,2,2,2,2,2,2,2
42,43,43,44,46,46,47,47,48,18
0.12,0.12,0.12,0.12,0.17,0.12,0.2,0.12,0.12,0.17
2,2,2,2,2,2,2,2,2,2,2,2,2
19,19,20,20,22,22,22,23,23,24,24,26,11
0.12,0.1,0.12,0.12,0.12,0.12,0.12,0.12,0.17,0.12,0.17,0.12,0.12
2,2,2,2,2
11,11,11,12,19
0.2,0.12,0.12,0.12,0.12
2
58
0.2
2,2
59,01
0.12,0.12
2,2,2,2,2,2,2,2,2,2,2,2,2,2,2,2,2,2,2,2,2,2,2,2,2,2,2,2,2,2,2,2,2,2,2,2,2,2,2,2,2,2,2,2,2,2,2,2,2,2,2,2,2,2,2,2,2,2,2,2,2,2,2,2
01,06,07,09,14,15,15,15,16,16,18,18,20,20,20,21,21,22,22,22,23,25,25,26,26,28,28,29,30,31,32,32,33,33,33,34,34,35,35,35,38,38,39,39,40,40,41,41,41,45,46,47,48,52,52,53,53,54,55,57,58,59,59,17
0.12,0.12,0.12,0.12,0.12,0.12,0.12,0.12,0.12,0.12,0.12,0.12,0.12,0.12,0.12,0.12,0.12,0.12,0.12,0.12,0.12,0.12,0.12,0.12,0.17,0.12,0.12,0.12,0.12,0.12,0.12,0.12,0.12,0.22,0.12,0.12,0.12,0.12,0.1,0.12,0.12,0.12,0.12,0.12,0.12,0.17,0.12,0.12,0.12,0.12,0.12,0.12,0.12,0.12,0.12,0.12,0.12,0.12,0.12,0.12,0.12,0.12,0.12,0.1
2,2,2,2,2,2,2
25,38,41,53,53,56,08
0.12,0.12,0.12,0.12,0.12,0.12,0.12
