4,1
38,41
0.12,0.12
4,4,4,1
39,49,05,02
0.12,0.12,0.12,0.12
4,4,4,4,4,1,1,1,1,1,1,1
05,06,07,15,56,07,10,18,20,26,55,05
0.12,0.12,0.12,0.12,0.2,0.12,0.12,0.12,0.12,0.12,0.12,0.12
4,4,1,1,1,1
56,36,08,11,49,24
0.12,0.18,0.22,0.12,0.12,0.12
4,4,1
47,07,54
0.12,0.12,0.12
1
43
0.12
1,1,1,1,1,1,1,1,1,1,1
44,44,44,45,46,48,48,48,49,53,11
0.12,0.18,0.12,0.12,0.12,0.12,0.12,0.12,0.12,0.12,0.12
1,1,1,1
14,16,22,04
0.12,0.12,0.18,0.12
1,1,1,1,1,1,1,1,1,1,1,1
04,05,05,05,06,07,09,31,37,42,56,36
0.12,0.12,0.12,0.12,0.12,0.12,0.12,0.12,0.12,0.12,0.12,0.12
1,1
43,32
0.12,0.12
1,1,1,1,1,1,1,1,1,1,1,1
32,32,33,33,34,34,35,36,36,37,57,05
0.12,0.12,0.12,0.12,0.12,0.12,0.12,0.12,0.12,0.12,0.12,0.12
1,1,1,1
08,11,58,01
0.12,0.12,0.18,0.12
1
02
0.12
1,1,1,1,1,1,1,1,1,1,1,1,1,1
03,03,04,05,05,05,06,06,07,16,40,47,57,01
0.12,0.12,0.12,0.12,0.12,0.12,0.12,0.12,0.12,0.12,0.2,0.12,0.12,0.12
1,1,1,1,1
29,33,46,50,41
0.12,0.12,0.12,0.12,0.12
1,1,1,1,1,1,1,1,1,1,1,1,1,1
43,43,44,44,45,46,46,47,47,48,49,53,58,06
0.12,0.12,0.12,0.12,0.2,0.12,0.12,0.12,0.12,0.12,0.12,0.12,0.2,0.12
1,1,1,1,1,1
08,11,44,55,59,02
0.12,0.12,0.12,0.12,0.22,0.12
1,1
38,52
0.12,0.12
1,1,1,1,1,1,1,1,1
53,53,54,55,55,57,58,58,49
0.12,0.12,0.22,0.12,0.12,0.12,0.12,0.12,0.12
1
03
0.12
1,1,1,1
10,52,56,19
0.12,0.12,0.12,0.12
1,1,1,1
24,27,37,09
0.12,0.12,0.12,0.12
1,1,1,1
12,19,22,10
0.12,0.12,0.22,0.12
1,1,1,1,1,1,1,1,1,1,1,1,1,1
11,11,11,12,13,13,14,14,14,15,16,23,26,09
0.12,0.12,0.12,0.12,0.12,0.12,0.12,0.12,0.12,0.12,0.12,0.12,0.12,0.12
1,1,1
12,27,51
0.12,0.12,0.2
1,1,1,1,1,1,1,1,1,1,1
52,52,53,54,54,55,56,56,56,57,31
0.12,0.22,0.12,0.12,0.22,0.12,0.12,0.12,0.12,0.12,0.2
1,1,1,1
47,51,55,28
0.12,0.12,0.12,0.12
1,1,1,1,1
31,44,51,54,02
0.12,0.12,0.12,0.22,0.12
1,1,1,1,1,1,1
05,07,10,16,19,22,55
0.2,0.12,0.12,0.12,0.12,0.12,0.12
1,1
58,06
0.12,0.12
